Age	Otu00025	Otu00110	Otu00018	Otu00028	Otu00557	Otu00006	Otu00030	Otu00066	Otu00130	Otu00334	shannon	Otu00050	Otu00075	Otu00010
0.5932203389830508	0.02630040911747516	0.0	0.11532467532467533	0.0044659471529586905	0.0	0.07096575131132367	0.1446613088404133	0.0005851375073142189	0.0	0.0	0.7862103762893183	0.006586169045005488	0.01910828025477707	0.05276174773289365
0.5423728813559321	0.004091174751607247	0.0	0.0	0.002232973576479345	0.0	0.031780314717679725	0.1515499425947187	0.04095962551199532	0.0	0.0	0.7680298357378571	0.008781558726673985	0.0870488322717622	0.09480626545754328
0.30508474576271183	0.05902980713033314	0.0016764459346186086	0.0	0.02307406029028657	0.0	0.08361616784942917	0.021814006888633757	0.0	0.004016064257028112	0.038461538461538464	0.7378788264202769	0.07574094401756312	0.004246284501061571	0.5853256389117889
0.2542372881355932	0.008766803039158387	0.0	0.0005194805194805195	0.0011164867882396726	0.0	0.3505091021289725	0.13777267508610794	0.0017554125219426569	0.0	0.15384615384615385	0.5319536448879262	0.0	0.053078556263269634	0.43940643033800497
0.3728813559322034	0.05844535359438925	0.0	0.07168831168831169	0.0003721622627465575	0.0	0.16476396174020366	0.02985074626865672	0.008777062609713282	0.04016064257028112	0.0	0.6986740790111569	0.006586169045005488	0.08492569002123143	0.10057708161582853
0.8305084745762712	0.005260081823495032	0.06538139145012574	0.017142857142857144	0.004093784890212133	0.03448275862068965	0.2995988892317186	0.12055109070034445	0.0	0.004016064257028112	0.0	0.7674719264013036	0.0021953896816684962	0.1337579617834395	0.04534212695795548
0.5084745762711864	0.013442431326709523	0.0	0.1174025974025974	0.0	0.0	0.08114779389077445	0.0746268656716418	0.0011702750146284375	0.0	0.0	0.6681536071498878	0.19538968166849616	0.029723991507431	0.5515251442704039
0.576271186440678	0.0023378141437755697	0.0008382229673093043	0.0	0.0003721622627465575	0.0	0.04227090404196236	0.08151549942594719	0.0	0.6024096385542168	0.0	0.7821597496291107	0.08342480790340286	0.006369426751592357	0.2044517724649629
0.6440677966101696	0.21800116890707188	0.0	0.025974025974025976	0.08075921101600299	0.0	0.15365627892625733	0.0	0.0	0.0	0.0	0.5695137019964586	0.006586169045005488	0.08492569002123143	0.2399010717230008
0.6101694915254237	0.046171829339567504	0.0	0.0	0.0	0.0	0.06386917618019129	0.11595866819747418	0.004095962551199532	0.0	0.0	0.6200626354339284	0.3490669593852909	0.3375796178343949	0.2407254740313273
0.8135593220338984	0.023378141437755698	0.0	0.05974025974025974	0.0	0.0	0.01234186979327368	0.16417910447761194	0.0023405500292568754	0.06024096385542167	0.0	0.8077842093460436	0.010976948408342482	0.010615711252653929	0.05770816158285244
1.0	0.004091174751607247	0.0	0.3189610389610389	0.002232973576479345	0.0	0.17587164455414994	0.048220436280137766	0.0	0.0642570281124498	0.019230769230769232	0.6317002070291281	0.030735455543358943	0.11252653927813164	0.1483924154987634
0.4576271186440678	0.07890122735242547	0.0	0.0005194805194805195	0.0011164867882396726	0.0	0.10521443998765813	0.24569460390355916	0.002925687536571094	0.0	0.0	0.6871684421235981	0.0	0.053078556263269634	0.08821104699093157
0.576271186440678	0.011104617182933957	0.0	0.08727272727272728	0.002232973576479345	0.0	0.016352977476087625	0.1859931113662457	0.004095962551199532	0.0	0.0	1.0	0.1481888035126235	0.06794055201698514	0.16570486397361914
0.5084745762711864	0.0023378141437755697	0.0016764459346186086	0.3890909090909091	0.00148864905098623	0.0	0.0755939524838013	0.20206659012629166	0.0017554125219426569	0.06024096385542167	0.0	0.6378781206272511	0.0021953896816684962	0.06369426751592358	0.5424567188788129
0.5084745762711864	0.008182349503214495	0.0	0.0005194805194805195	0.0011164867882396726	0.0	0.06263498920086392	0.2296211251435132	0.005851375073142188	0.0	0.0	0.6711048635942719	0.16026344676180024	0.06794055201698514	0.2605111294311624
0.18644067796610164	0.049678550555230856	0.0	0.16883116883116886	0.034983252698176405	0.0	0.06263498920086392	0.008036739380022962	0.0017554125219426569	0.0	0.0	0.5603694546513044	0.0	0.008492569002123142	0.7543281121187142
0.6440677966101696	0.037989479836353014	0.0	0.001038961038961039	0.2720506140677336	0.0	0.0015427337241592102	0.0	0.0	0.0	0.0	0.0	0.003293084522502744	0.0	0.1327287716405606
0.3898305084745762	0.011104617182933957	0.0	0.0	0.0011164867882396726	0.0	0.00925640234495526	1.0	0.0017554125219426569	0.0	0.0	0.3918161665373344	0.0	0.004246284501061571	0.0041220115416323155
0.3389830508474576	0.005260081823495032	0.0	0.07012987012987013	0.000744324525493115	0.0	0.2607219993829065	0.2629161882893226	0.004681100058513751	0.0	0.0	0.5628796762991598	0.0	0.208067940552017	0.09563066776586976
0.1694915254237288	0.014026884862653416	0.0	0.0	0.014142165984369185	0.0	0.01079913606911447	0.04133180252583238	0.05558806319485079	0.0	0.0	0.5643396137682871	0.021953896816684963	0.07430997876857749	0.051112943116240726
0.23728813559322026	0.4821741671537113	0.0	0.0	0.00930405656866394	0.0	0.050910212897253934	0.0	0.2317144528964307	0.0	0.17307692307692307	0.6672840562882066	0.36223929747530187	0.09341825902335456	0.06595218466611706
0.0	0.03331385154880187	0.0	0.05246753246753247	0.001860811313732788	0.0	0.07219993829065104	0.190585533869116	0.061439438267992974	0.0	0.019230769230769232	0.559207971508272	0.0	0.07430997876857749	0.2547403132728772
0.05084745762711862	0.22443015780245468	0.0	0.5158441558441559	0.0011164867882396726	0.0	0.17648873804381365	0.5315729047072331	0.0	0.0	0.019230769230769232	0.4885084539196244	0.0010976948408342481	0.0148619957537155	0.2357790601813685
0.10169491525423724	0.10637054354178843	0.0	0.11428571428571427	0.0011164867882396726	0.0	0.3122493057698241	0.01148105625717566	0.04622586307782329	0.0	0.0	0.651458988003946	0.0	0.2356687898089172	0.00989282769991756
0.22033898305084745	0.0935125657510228	0.0	0.0005194805194805195	0.002232973576479345	0.017241379310344827	0.1990126504165381	0.09184845005740527	0.0	0.0	0.038461538461538464	0.4203281236735693	0.0021953896816684962	0.040339702760084924	0.27040395713107995
0.3728813559322034	0.023378141437755698	0.0	0.09142857142857144	0.005210271678451805	0.0	0.035174328910829986	0.3559127439724455	0.0	0.0	0.0	0.6439890825061666	0.003293084522502744	0.004246284501061571	0.036273701566364384
0.5084745762711864	0.02513150204558737	0.0	0.0005194805194805195	0.0011164867882396726	0.0	0.03270595495217525	0.10103329506314583	0.003510825043885313	0.0	0.0	0.8838588530293713	0.22063666300768384	0.029723991507431	0.2497938994229184
0.3389830508474576	0.005844535359438925	0.0	0.13246753246753246	0.000744324525493115	0.0	0.07621104597346498	0.05281285878300804	0.0	0.04819277108433735	0.0	0.6802794039759262	0.03841931942919869	0.025477707006369428	0.3833470733718055
0.8135593220338984	0.005844535359438925	0.0008382229673093043	0.0374025974025974	0.8675102344622256	0.0	0.3542116630669546	0.08725602755453503	0.0	0.14457831325301204	0.0	0.6471355088805181	0.005488474204171241	0.021231422505307854	0.010717230008244023
0.3220338983050848	0.011104617182933957	0.0	0.09610389610389612	0.003721622627465575	0.0	0.026535020055538414	0.0	0.0	0.0	0.0	0.3610349840514319	0.12843029637760706	0.05732484076433121	0.3322341302555647
0.13559322033898302	0.2232612507305669	0.0	0.0	0.000744324525493115	0.0	0.08824436902190681	0.002296211251435132	0.0023405500292568754	0.0	0.0	0.6895468912203051	0.0	0.03821656050955414	0.4237427864798021
0.5593220338983051	0.05961426066627702	0.0	0.0	0.000744324525493115	0.0	0.014501697007096574	0.004592422502870264	0.061439438267992974	0.0	0.0	0.7019863282509363	0.004390779363336993	0.04670912951167728	0.10882110469909316
0.4745762711864406	0.0035067212156633548	0.0	0.0	0.24488276888723484	0.0	0.10305461277383524	0.3685419058553387	0.0	0.0	0.019230769230769232	0.6786197563729351	0.0	0.010615711252653929	0.5375103050288541
0.3898305084745762	0.18877849210987727	0.0	0.0015584415584415587	0.008931894305917381	0.0	0.013576056772601049	0.002296211251435132	0.0	0.0	0.0	0.5016827429115894	0.6311745334796927	0.050955414012738856	0.056059356966199514
0.5593220338983051	0.0023378141437755697	0.0008382229673093043	0.02649350649350649	0.032005954596203944	0.0	0.011107682813946312	0.365097588978186	0.0	0.11646586345381525	0.0	0.8994405355464837	0.014270032930845226	0.02335456475583864	0.28936521022258865
0.4406779661016949	0.19812974868497954	0.0008382229673093043	0.0	0.15965761071827314	0.0	0.17525455106448626	0.002296211251435132	0.02808660035108251	0.004016064257028112	0.019230769230769232	0.13574392478039154	0.0	0.0	0.01483924154987634
0.2542372881355932	0.0023378141437755697	0.0	0.033766233766233764	0.00148864905098623	0.0	0.07651959271829682	0.06659012629161883	0.0005851375073142189	0.0	0.0	0.706847541357205	0.07135016465422613	0.03184713375796178	0.18301731244847488
0.3220338983050848	0.12507305669199298	0.0	0.19428571428571428	0.006698920729438036	0.0	0.008947855600123419	0.15040183696900114	0.005851375073142188	0.0	0.0	0.9344885422228958	0.04061470911086718	0.0	0.1508656224237428
0.42372881355932196	0.0029222676797194627	0.0008382229673093043	0.15688311688311687	0.013770003721622627	0.0	0.05522986732489972	0.12399540757749715	0.0011702750146284375	0.004016064257028112	0.0	0.7767862856344402	0.003293084522502744	0.042462845010615716	0.03544929925803792
0.4406779661016949	0.0	0.0	0.0	0.04949758094529215	0.0	0.009873495834618943	0.001148105625717566	0.0	0.09638554216867468	0.0	0.45025282558467	0.07574094401756312	0.0	0.09975267930750206
0.3728813559322034	0.0	0.0	0.0005194805194805195	0.0	0.0	0.016970070965751313	0.027554535017221583	0.0005851375073142189	0.0	0.019230769230769232	0.6628487240719664	0.1778265642151482	0.03821656050955414	0.0741962077493817
0.4406779661016949	0.0	0.0	0.01246753246753247	0.0	0.0	0.022832459117556308	0.027554535017221583	0.0017554125219426569	0.09236947791164657	0.0	0.7516906386661498	0.42919868276619105	0.03821656050955414	0.07584501236603462
0.5423728813559321	0.0017533606078316774	0.0	0.07168831168831169	0.0003721622627465575	0.0	0.09348966368404814	0.1148105625717566	0.01053247513165594	0.0	0.0	0.7587895323612391	0.1185510428100988	0.1167728237791932	0.12201154163231658
0.4576271186440678	0.056691992986557575	0.0	0.001038961038961039	0.001860811313732788	0.0	0.11200246837395864	0.0711825487944891	0.02633118782913985	0.0	0.019230769230769232	0.7444168816188165	0.0592755214050494	0.07218683651804671	0.04451772464962902
0.1186440677966102	0.004091174751607247	0.0008382229673093043	0.2083116883116883	0.0003721622627465575	0.0	0.19993829065103366	0.12629161882893228	0.0	0.0	0.0	0.5664128924115749	0.0010976948408342481	0.03821656050955414	0.11046990931574607
0.4576271186440678	0.01870251315020456	0.0	0.10701298701298702	0.007071082992184593	0.0	0.09904350509102128	0.12284730195177955	0.0	0.0	0.0	0.7393291426825513	0.06037321624588365	0.08067940552016985	0.11294311624072548
0.27118644067796605	0.012273524254821741	0.0	0.0	0.04949758094529215	0.0	0.09904350509102128	0.03788748564867968	0.004095962551199532	0.0	0.0	0.8558500142428144	0.06586169045005487	0.016985138004246284	0.1615828524319868
0.8305084745762712	0.0	0.0	0.0	0.001860811313732788	0.0	0.005862388151805	0.08955223880597016	0.0	0.0	0.0	0.7444944089944036	0.003293084522502744	0.006369426751592357	0.192085737840066
0.7966101694915253	0.1624780829924021	0.0	0.09350649350649352	0.0044659471529586905	0.0	0.17093489663684047	0.0	0.003510825043885313	0.02008032128514056	0.0576923076923077	0.5621879690930675	0.01756311745334797	0.20382165605095545	0.5416323165704864
0.7288135593220341	0.02396259497369959	0.0	0.043116883116883116	0.0011164867882396726	0.0	0.027152113545202097	0.17451205510907006	0.0070216500877706275	0.0	0.0	0.8005153734029192	0.010976948408342482	0.01910828025477707	0.0403957131079967
0.6949152542372881	0.09585037989479836	0.0	0.0	0.011164867882396724	0.0	0.0	0.1354764638346728	0.0005851375073142189	0.004016064257028112	0.0	0.2973335485483808	0.0	0.0	0.2654575432811212
0.3389830508474576	0.015780245470485097	0.0	0.09402597402597404	0.009676218831410495	0.0	0.15026226473310705	0.060849598163030996	0.0023405500292568754	0.08032128514056225	0.0	0.6430225141452489	0.0	0.03609341825902335	0.4039571310799671
0.27118644067796605	0.01636469900642899	0.012573344509639563	0.0005194805194805195	0.0011164867882396726	0.0	0.008022215365627892	0.14006888633754305	0.0	0.0	0.019230769230769232	0.5248553725459378	0.09769484083424808	0.008492569002123142	0.10717230008244023
0.10169491525423724	0.009935710111046173	0.0	0.02181818181818182	0.001860811313732788	0.0	0.09996914532551683	0.12284730195177955	0.0011702750146284375	0.0	0.0	0.6836162763979582	0.0	0.1316348195329087	0.3602638087386645
0.576271186440678	0.0029222676797194627	0.0	0.0	0.00297729810197246	0.0	0.0	0.0	0.013458162668227034	0.0	0.0	0.7619200250628838	0.024149286498353455	0.004246284501061571	0.04122011541632317
0.7288135593220341	0.046171829339567504	0.0	0.001038961038961039	0.006326758466691478	0.0	0.16291268127121258	0.009184845005740528	0.0	0.04016064257028112	0.0	0.4021018163305156	0.013172338090010977	0.08280254777070062	0.24237427864798025
0.5932203389830508	0.0005844535359438924	0.0	0.0	0.5009304056568664	0.0	0.23665535328602286	0.14580941446613088	0.018139262726740785	0.004016064257028112	0.19230769230769232	0.3185016871461485	0.0	0.30148619957537154	0.047815333882934866
0.42372881355932196	0.0035067212156633548	0.0016764459346186086	0.371948051948052	0.017491626349088202	0.0	0.04689910521443999	0.0574052812858783	0.0	0.0	0.0	0.5386009741084942	0.02854006586169045	0.048832271762208064	0.08491343775762572
0.30508474576271183	0.04091174751607247	0.0	0.0005194805194805195	0.00595459620394492	0.0	0.04381363776612157	0.16647531572904709	0.003510825043885313	0.0	0.0	0.7041028922138673	0.016465422612513717	0.012738853503184714	0.07007419620774938
0.5593220338983051	0.029807130333138518	0.0	0.0	0.00148864905098623	0.0	0.012033323048441841	0.06659012629161883	0.0023405500292568754	0.0	0.0	0.7004487515363328	0.0021953896816684962	0.0	0.00247320692497939
0.5254237288135593	0.0023378141437755697	0.0	0.14545454545454545	0.001860811313732788	0.0	0.16784942918852205	0.18828932261768086	0.004681100058513751	0.0	0.0	0.7398395665533622	0.0318331503841932	0.059447983014862	0.09810387469084914
0.7118644067796609	0.008766803039158387	0.0	0.04935064935064935	0.00148864905098623	0.0	0.059240975007713664	0.02640642939150402	0.0	0.0	0.0	0.6008365166020412	0.15367727771679476	0.07218683651804671	0.0494641384995878
0.5932203389830508	0.0023378141437755697	0.10645431684828163	0.03168831168831169	0.001860811313732788	0.017241379310344827	0.016352977476087625	0.27898966704936856	0.0005851375073142189	0.22489959839357426	0.07692307692307693	0.9186586492854236	0.22941822173435786	0.004246284501061571	0.04122011541632317
0.3220338983050848	0.2238457042665108	0.0	0.02753246753246753	0.05731298846296986	0.0	0.04165381055229867	0.0677382319173364	0.019309537741369218	0.0	0.0	0.729746545622647	0.02524698133918771	0.06581740976645435	0.1508656224237428
0.7796610169491525	0.02513150204558737	0.0	0.001038961038961039	0.0011164867882396726	0.0	0.00030854674483184197	0.001148105625717566	0.011117612638970159	0.0	0.17307692307692307	0.5920990137359649	0.02854006586169045	0.237791932059448	0.0
0.10169491525423724	0.02630040911747516	0.0	0.06909090909090909	0.0011164867882396726	0.0	0.1320580067880284	0.1997703788748565	0.0011702750146284375	0.0	0.0	0.5623075910738596	0.008781558726673985	0.0	0.2456718878812861
0.7118644067796609	0.0023378141437755697	0.0	0.07116883116883117	0.16337923334573876	0.0	0.2690527614933663	0.0	0.0005851375073142189	0.0	0.0	0.4957585775272709	0.005488474204171241	0.059447983014862	0.35696619950535863
0.22033898305084745	0.0023378141437755697	0.0	0.0	0.000744324525493115	0.0	0.03054612773835236	0.0	0.0	0.0	0.0	0.5155392317751396	0.02305159165751921	0.02335456475583864	0.427040395713108
0.13559322033898302	0.0	0.0	0.0	0.00744324525493115	0.0	0.06818883060783709	0.1515499425947187	0.009362200117027502	0.0	0.0	0.6320585773204205	0.0076838638858397375	0.01910828025477707	0.00494641384995878
0.2033898305084746	0.40327293980128576	0.0	0.0	0.01079270561965017	0.0	0.0910212897253934	0.043628013777267514	0.16091281451141018	0.0	0.0	0.6818617873583815	0.01975850713501646	0.06581740976645435	0.1615828524319868
0.8644067796610169	0.0011689070718877848	0.0	0.558961038961039	1.0	0.0	0.006788028386300524	0.002296211251435132	0.0	0.2650602409638554	0.0	0.4841338424007841	0.0076838638858397375	0.004246284501061571	0.01236603462489695
0.4406779661016949	0.015195791934541203	0.0	0.05766233766233767	0.003349460364719018	0.0	0.08454180808392471	0.2135476463834673	0.0	0.0	0.019230769230769232	0.7431924760348719	0.15916575192096594	0.10191082802547773	0.14014839241549876
0.5593220338983051	0.008182349503214495	0.0	0.008831168831168832	0.0011164867882396726	0.0	0.05677260104905892	0.025258323765786454	0.0	0.0	0.0	0.7566202596450232	0.07683863885839738	0.0	0.2976092333058533
0.27118644067796605	0.4050263004091175	0.26487845766974016	0.25298701298701304	0.0011164867882396726	0.20689655172413796	0.03856834310398025	0.03214695752009185	0.0	0.03614457831325301	0.3269230769230769	0.6650802108710226	0.015367727771679471	0.012738853503184714	0.3553173948887057
0.5084745762711864	0.03506721215663355	0.0	0.1709090909090909	0.006326758466691478	0.0	0.005862388151805	0.025258323765786454	0.0005851375073142189	0.0	0.0	0.7778107077728317	0.10098792535675084	0.002123142250530785	0.02225886232481451
0.7288135593220341	0.06662770309760374	0.0	0.07012987012987013	0.0	0.0	0.02468373958654736	0.08840413318025259	0.0	0.0	0.0	0.4573826678649117	0.010976948408342482	0.0	0.04534212695795548
0.8305084745762712	0.005260081823495032	0.20201173512154236	0.1174025974025974	0.000744324525493115	0.08620689655172414	0.08269052761493366	0.012629161882893229	0.0	0.08032128514056225	0.0	0.6561606916142838	0.0076838638858397375	0.048832271762208064	0.4113767518549052
0.6949152542372881	0.0035067212156633548	0.0	0.001038961038961039	0.0055824339411983635	0.0	0.16692378895402654	0.14006888633754305	0.0526623756582797	0.0	0.038461538461538464	0.7099646406723518	0.0010976948408342481	0.11464968152866242	0.18466611706512776
0.6949152542372881	0.05844535359438925	0.0	0.07584415584415584	0.011164867882396724	0.017241379310344827	0.12897253933970995	0.008036739380022962	0.008777062609713282	0.028112449799196783	0.0	0.6298288569686127	0.09440175631174534	0.07218683651804671	0.0651277823577906
0.5593220338983051	0.015780245470485097	0.0016764459346186086	0.16675324675324674	0.000744324525493115	0.0	0.3091638383215057	0.02870264064293915	0.0011702750146284375	0.0	0.0	0.4921137087874671	0.010976948408342482	0.06369426751592358	0.06924979389942293
0.5932203389830508	0.008766803039158387	0.0	0.0	0.053219203572757716	0.0	0.03980253008330762	0.039035591274397236	0.17846693973083674	0.0	0.0	0.7564253919223204	0.06586169045005487	0.050955414012738856	0.2308326463314097
0.8644067796610169	0.0035067212156633548	0.0008382229673093043	0.0	0.027912169705991814	0.0	0.07991360691144707	0.07003444316877153	0.0005851375073142189	0.0	0.0576923076923077	0.6066217365940573	0.014270032930845226	0.002123142250530785	0.033800494641384994
0.5254237288135593	0.0035067212156633548	0.0	0.0005194805194805195	0.000744324525493115	0.0	0.0012341869793273679	0.1997703788748565	0.0	0.0	0.0	0.6032380328592674	0.013172338090010977	0.008492569002123142	0.46084089035449294
0.9491525423728812	0.029222676797194626	0.025984911986588432	0.016623376623376623	0.033494603647190174	0.0	0.008639308855291577	0.002296211251435132	0.0	0.0	0.2115384615384616	0.7289231151105965	0.004390779363336993	0.0	0.0016488046166529267
0.8305084745762712	0.025715955581531263	0.947191953059514	0.015064935064935066	0.04614812058057313	0.017241379310344827	0.0367170626349892	0.08725602755453503	0.0070216500877706275	0.12449799196787148	0.019230769230769232	0.8178668321628354	0.010976948408342482	0.002123142250530785	0.03215169002473207
0.9322033898305084	0.06487434248977206	0.0	0.17662337662337665	0.09676218831410496	0.0	0.011416229558778154	0.1584385763490241	0.0005851375073142189	0.14457831325301204	0.0	0.9274555466822731	0.06366630076838639	0.02335456475583864	0.02967848309975268
0.8644067796610169	0.036820572764465216	0.0	0.016103896103896103	0.922590249348716	0.0	0.008022215365627892	0.058553386911595874	0.02106495026331188	0.0	0.0	0.4835558299525379	0.0010976948408342481	0.2229299363057325	0.008244023083264633
0.6610169491525424	0.0070134424313267095	0.1785414920368818	0.0638961038961039	0.0148864905098623	0.0	0.002776920703486578	0.12055109070034445	0.0	0.0	0.038461538461538464	0.6948875851619577	0.015367727771679471	0.0	0.018136850783182192
0.30508474576271183	0.00935125657510228	0.12657166806370496	0.002597402597402597	0.003349460364719018	0.0	0.07312557852514656	0.003444316877152698	0.0	0.10843373493975902	0.038461538461538464	0.6325170921939162	0.1163556531284303	0.02335456475583864	0.0032976092333058533
0.4576271186440678	0.00935125657510228	0.0	0.0	0.0	0.0	0.03424868867633447	0.6280137772675086	0.0	0.0	0.3653846153846154	0.4000274466918229	0.0	0.0	0.0
0.5593220338983051	0.0011689070718877848	0.8222967309304275	0.0	0.0026051358392259025	0.5862068965517241	0.17957420549213204	0.048220436280137766	0.00526623756582797	0.0	0.0576923076923077	0.5543648999808645	0.0	0.12526539278131635	0.046166529266281946
0.5084745762711864	0.1396843950905903	0.041072925398155914	0.06285714285714286	0.004093784890212133	0.0	0.06109225547670472	0.0	0.0310122878876536	0.004016064257028112	0.0	0.6466896865966673	0.004390779363336993	0.09129511677282376	0.13767518549051938
0.5084745762711864	0.007597895967270602	0.0	0.34233766233766233	0.006698920729438036	0.0	0.01234186979327368	0.04592422502870264	0.0	0.0	0.75	0.555462926179135	0.012074643249176727	0.004246284501061571	0.02225886232481451
0.288135593220339	0.0	0.0	0.11844155844155844	0.0011164867882396726	0.0	0.004628201172477631	0.03559127439724455	0.0	0.1285140562248996	0.0	0.7413688889247149	0.0	0.0	0.15828524319868095
0.05084745762711862	0.03740502630040912	0.0	0.28623376623376623	0.0055824339411983635	0.0	0.01388460351743289	0.14810562571756605	0.0	0.0	0.09615384615384616	0.4046881834316604	0.010976948408342482	0.004246284501061571	0.31986809563066776
0.5423728813559321	0.012857977790765631	0.0	0.044155844155844164	0.004838109415705247	0.0	0.12002468373958655	0.019517795637198618	0.018724400234055003	0.04417670682730923	0.0	0.8461362555804467	0.06695938529088913	0.04670912951167728	0.1615828524319868
0.288135593220339	0.01694915254237288	0.0	0.0005194805194805195	0.00744324525493115	0.0	0.20981178648565255	0.0642939150401837	0.002925687536571094	0.004016064257028112	0.0	0.7214447622492813	0.004390779363336993	0.03397027600849257	0.1079967023907667
0.9491525423728812	0.00935125657510228	0.0	0.0	0.00148864905098623	0.0	0.005862388151805	0.0	0.0	0.0	0.0576923076923077	0.34868620528810396	0.0	0.0	0.0008244023083264633
0.4745762711864406	0.0011689070718877848	0.0008382229673093043	0.19116883116883115	0.036844064011909185	0.0	0.043505091021289716	0.03559127439724455	0.0	0.0	0.038461538461538464	0.5119823830674867	0.0076838638858397375	0.0	0.056059356966199514
0.5254237288135593	0.007597895967270602	0.0	0.01246753246753247	0.051358392259024936	0.0	0.02746066029003394	0.019517795637198618	0.0	0.0	0.0	0.5860490670295465	0.06037321624588365	0.012738853503184714	0.03957131079967024
0.6779661016949152	0.0017533606078316774	0.0016764459346186086	0.07688311688311689	0.004093784890212133	0.0	0.13174946004319654	0.047072330654420215	0.0005851375073142189	0.008032128514056224	0.019230769230769232	0.784196947970574	0.010976948408342482	0.06369426751592358	0.05276174773289365
0.13559322033898302	0.0017533606078316774	0.0	0.20935064935064931	0.003349460364719018	0.0	0.0	0.002296211251435132	0.0	0.3895582329317269	0.0	0.5143953621898231	0.003293084522502744	0.09766454352441613	0.1863149216817807
0.8474576271186439	0.03506721215663355	0.0	0.0	0.0003721622627465575	0.0	0.007096575131132365	0.02985074626865672	0.0005851375073142189	0.0	0.0	0.5879220216042164	0.013172338090010977	0.027600849256900213	0.7584501236603463
0.4067796610169492	0.0029222676797194627	0.3512154233025985	0.017142857142857144	0.08522515816896167	0.8793103448275862	0.04165381055229867	0.20551090700344432	0.0	0.28514056224899603	0.019230769230769232	0.8236223038378668	0.006586169045005488	0.006369426751592357	0.00494641384995878
0.7796610169491525	0.05610753945061367	0.0	0.004675324675324675	0.00297729810197246	0.0	0.08485035482875655	0.027554535017221583	0.0005851375073142189	0.15261044176706826	0.0	0.8509909266549888	0.145993413830955	0.006369426751592357	0.014014839241549877
0.6779661016949152	0.028053769725306838	0.0	0.054545454545454536	0.08969110532192036	0.0	0.06510336315951866	0.24569460390355916	0.0011702750146284375	0.0	0.0	0.7013126214546962	0.2864983534577388	0.01910828025477707	0.05028854080791426
0.7627118644067796	0.05844535359438925	0.002514668901927913	0.03896103896103896	0.271678451804987	0.0	0.017587164455414996	0.0574052812858783	0.0	0.012048192771084336	0.1153846153846154	0.7206079731774834	0.00987925356750823	0.012738853503184714	0.07254740313272877
0.3898305084745762	0.005844535359438925	0.0	0.4332467532467533	0.0011164867882396726	0.0	0.06294353594569578	0.4144661308840413	0.0	0.0	0.0	0.5602274975672487	0.0	0.008492569002123142	0.02885408079142622
0.5932203389830508	0.0	1.0	0.0	0.03796055080014887	0.8275862068965517	0.008947855600123419	0.018369690011481057	0.0	0.06024096385542167	0.07692307692307693	0.5957667000019923	0.0021953896816684962	0.0	0.00741962077493817
0.4576271186440678	0.0011689070718877848	0.012573344509639563	0.15636363636363634	0.001860811313732788	0.0	0.00030854674483184197	0.001148105625717566	0.004681100058513751	0.0	0.0	0.44002795728234706	0.0	1.0	0.5399835119538334
0.3728813559322034	0.004675628287551139	0.012573344509639563	0.034805194805194804	0.07666542612579083	0.13793103448275862	0.000925640234495526	0.025258323765786454	0.0	0.01606425702811245	0.09615384615384616	0.4944667521309892	0.010976948408342482	0.0	0.01236603462489695
0.288135593220339	0.007597895967270602	0.00586756077116513	0.14909090909090908	0.00930405656866394	0.0	0.2820117247763036	0.11366245694603905	0.0	0.0	0.0	0.6592950972958349	0.12733260153677278	0.03609341825902335	0.30667765869744434
0.5932203389830508	0.35184102863822325	0.0	0.1012987012987013	0.00595459620394492	0.0	0.029311940759024987	0.11021814006888632	0.008191925102399064	0.0	0.0	0.7215879590507671	0.03951701427003293	0.03609341825902335	0.031327287716405604
0.6440677966101696	0.20981881940385735	0.0	0.5698701298701299	0.0	0.0	0.00030854674483184197	0.0	0.0	0.0	0.0	0.3278473272780603	0.0	0.10615711252653927	0.1640560593569662
0.4406779661016949	0.008766803039158387	0.0016764459346186086	0.11012987012987012	0.02419054707852624	0.03448275862068965	0.06664609688367787	0.03673938002296211	0.0	0.008032128514056224	0.0576923076923077	0.6184720761257826	0.003293084522502744	0.029723991507431	0.036273701566364384
0.4406779661016949	0.0005844535359438924	0.0	0.014025974025974023	0.6814291030889468	0.0	0.007405121875964208	0.0	0.0	0.0	0.0	0.4051765212381916	0.0010976948408342481	0.0	0.0
0.3389830508474576	0.0	0.0	0.006233766233766235	0.14514328247115746	0.017241379310344827	0.06757173711817341	0.016073478760045924	0.0005851375073142189	0.2891566265060241	0.019230769230769232	0.4589750742669642	0.04610318331503842	0.07430997876857749	0.0032976092333058533
0.5423728813559321	0.0	0.6026823134953898	0.0005194805194805195	0.0	0.017241379310344827	0.0006170934896636839	0.025258323765786454	0.0	0.0321285140562249	0.0	0.6023359876138793	0.05159165751920966	0.09341825902335456	0.30420445177246497
0.5254237288135593	0.0309760374050263	0.0	0.0	0.025679196129512468	0.03448275862068965	0.0580067880283863	0.0	0.0005851375073142189	0.0	0.0	0.34025091142231123	0.0010976948408342481	0.0	0.0008244023083264633
0.576271186440678	0.06370543541788427	0.0	0.0	0.0867138072199479	0.0	0.44029620487503857	0.338691159586682	0.0	0.0	0.0	0.39638642462375706	0.0021953896816684962	0.061571125265392775	0.4311624072547403
0.23728813559322026	0.006428988895382817	0.0	0.017662337662337664	0.011537030145143285	0.0	0.20425794507867945	0.0746268656716418	0.0	0.0	0.0	0.5484928930625194	0.0076838638858397375	0.040339702760084924	0.17807089859851608
0.3898305084745762	0.014026884862653416	0.0	0.029090909090909087	0.0055824339411983635	0.0	0.4908978710274606	0.03673938002296211	0.0	0.0	0.0	0.5705061587539165	0.03512623490669594	0.027600849256900213	0.2621599340478153
0.7118644067796609	0.4558737580362361	0.0	0.0851948051948052	0.003349460364719018	0.0	0.01079913606911447	0.0	0.0	0.0	0.09615384615384616	0.22323541493580532	0.0010976948408342481	0.0	0.03544929925803792
0.3728813559322034	0.004675628287551139	0.0	0.0	0.002232973576479345	0.0	0.044122184510953406	0.5373134328358209	0.002925687536571094	0.0	0.07692307692307693	0.4589034084665854	0.0	0.19745222929936304	0.19703215169002475
0.4915254237288136	0.0005844535359438924	0.0	0.09402597402597404	0.0	0.0	0.1558161061400802	0.10218140068886336	0.0005851375073142189	0.0321285140562249	0.0	0.7328072204702666	0.04720087815587267	0.053078556263269634	0.11046990931574607
0.3728813559322034	0.009935710111046173	0.0	0.08571428571428573	0.003721622627465575	0.0	0.050601666152422085	0.6567164179104478	0.0	0.008032128514056224	0.0	0.8035516490474107	0.01756311745334797	0.006369426751592357	0.15333882934872214
0.5254237288135593	0.0	0.8432523051131601	0.001038961038961039	0.017863788611834762	1.0	0.0012341869793273679	0.03214695752009185	0.0	0.008032128514056224	0.13461538461538464	0.5273369590452793	0.0010976948408342481	0.0	0.0
0.5593220338983051	0.0	0.0	0.0005194805194805195	0.14923706736136955	0.0	0.016661524220919467	0.001148105625717566	0.0011702750146284375	0.008032128514056224	0.4615384615384616	0.7429282724630298	0.003293084522502744	0.0	0.00494641384995878
0.2542372881355932	0.3278784336645236	0.0	0.0	0.06401190919240789	0.0	0.14439987658130207	0.0	0.0	0.0	0.0	0.5174749541844307	0.0	0.3481953290870488	0.0008244023083264633
0.3728813559322034	0.012273524254821741	0.0	0.016623376623376623	0.0011164867882396726	0.0	0.08238198087010183	0.11940298507462685	0.0023405500292568754	0.0	0.0	0.6332722818251871	0.03732162458836444	0.061571125265392775	0.2044517724649629
0.35593220338983045	0.052016364699006425	0.0	0.0	0.09750651283959808	0.0	0.35297747608762725	0.025258323765786454	0.0	0.0	0.0	0.3064217903042885	0.0	0.0	0.2415498763396537
0.3728813559322034	0.011104617182933957	0.0	0.001038961038961039	0.003721622627465575	0.0	1.0	0.1320321469575201	0.0	0.0	0.019230769230769232	0.334283590193066	0.0	0.029723991507431	0.08738664468260511
0.5932203389830508	0.030391583869082407	0.0016764459346186086	0.0005194805194805195	0.08075921101600299	0.0	0.0012341869793273679	0.0	0.0	0.0	0.0	0.4139126095427713	0.0	0.10191082802547773	0.30667765869744434
0.6101694915254237	0.043834015195791935	0.0016764459346186086	0.002077922077922078	0.00744324525493115	0.0	0.16939216291268128	0.1148105625717566	0.0023405500292568754	0.0	0.0	0.512191914667789	0.004390779363336993	0.26963906581740976	0.4451772464962902
0.3220338983050848	0.11163062536528344	0.0	0.3251948051948052	0.0011164867882396726	0.0	0.5020055538414071	0.03788748564867968	0.0	0.004016064257028112	0.0	0.6106806007414388	0.034028540065861694	0.06581740976645435	0.4047815333882935
0.3898305084745762	0.015195791934541203	0.0	0.0	0.002232973576479345	0.0	0.10768281394631286	0.001148105625717566	0.0	0.0	0.09615384615384616	0.581561085859205	0.24039517014270034	0.05732484076433121	0.14179719703215168
0.2033898305084746	0.011104617182933957	0.0	0.0005194805194805195	0.19129140305173056	0.0	0.09996914532551683	0.024110218140068886	0.0005851375073142189	0.0	0.0	0.7141389675502264	0.021953896816684963	0.027600849256900213	0.23742786479802144
0.6101694915254237	0.0017533606078316774	0.057837384744342	0.2005194805194805	0.03163379233345739	0.08620689655172414	0.054612773835236036	0.9150401836969	0.0	0.0	0.0	0.6855836102500185	0.02854006586169045	0.044585987261146494	0.11788953009068424
0.2542372881355932	0.01636469900642899	0.0	0.0	0.008931894305917381	0.0	0.3733415612465288	0.018369690011481057	0.0	0.0	0.0	0.4418647744956165	0.0010976948408342481	0.0870488322717622	0.5795548227535037
0.8305084745762712	0.0	0.0	0.0	0.00297729810197246	0.0	0.03949398333847578	0.0	0.0	0.0	0.19230769230769232	0.6005187583922394	0.1964873765093304	0.0	0.04534212695795548
0.5084745762711864	0.019871420222092345	0.0	0.0005194805194805195	0.023446222553033125	0.0	0.17155199012650416	0.0	0.0	0.0	0.15384615384615385	0.6136621858863228	0.0021953896816684962	0.01910828025477707	0.3751030502885408
0.576271186440678	0.014611338398597313	0.040234702430846606	0.22545454545454546	0.005210271678451805	0.017241379310344827	0.0851589015735884	0.013777267508610792	0.0	0.0	0.0	0.4873053050676383	0.0	0.08492569002123143	0.24814509480626545
0.7457627118644068	0.0005844535359438924	0.0	0.0	0.0	0.0	0.06356062943535945	0.08610792192881746	0.0017554125219426569	0.0	0.038461538461538464	0.5309360620559868	0.02854006586169045	0.09978768577494693	0.017312448474855732
0.6779661016949152	0.0005844535359438924	0.0	0.0005194805194805195	0.011164867882396724	0.0	0.03208886146251157	0.21699196326062	0.0070216500877706275	0.004016064257028112	0.0	0.6805409558902723	0.09659714599341383	0.118895966029724	0.02225886232481451
0.5932203389830508	0.0023378141437755697	0.003352891869237217	0.02025974025974026	0.01525865277260886	0.0	0.1724776303609997	0.019517795637198618	0.0	0.0	0.038461538461538464	0.6253635185551208	0.0021953896816684962	0.09978768577494693	0.05276174773289365
0.5084745762711864	0.15488018702513148	0.0	0.2415584415584416	0.003349460364719018	0.0	0.32921937673557544	0.00574052812858783	0.0011702750146284375	0.0	0.0	0.4983122479525851	0.0296377607025247	0.06369426751592358	0.5037098103874691
0.6610169491525424	0.0005844535359438924	0.0	0.0	0.7949385932266468	0.0	0.0697315643319963	0.0	0.0	0.0	0.0576923076923077	0.3063039628844212	0.0	0.08492569002123143	0.4806265457543281
0.5084745762711864	0.35885447106954993	0.0	0.1677922077922078	0.000744324525493115	0.3103448275862069	0.13390928725701945	0.042479908151549936	0.10473961380924518	0.0	0.0	0.6189296417844593	0.012074643249176727	0.1464968152866242	0.03709810387469085
0.1186440677966102	0.08123904149620105	0.0	0.028571428571428567	0.0003721622627465575	0.0	0.02746066029003394	0.025258323765786454	0.0005851375073142189	0.06024096385542167	0.038461538461538464	0.7307375800913986	0.014270032930845226	0.07430997876857749	0.11129431162407256
0.03389830508474578	0.04792518994739918	0.0	0.0	0.00148864905098623	0.0	0.005862388151805	0.10907003444316878	0.0	0.8473895582329316	0.0	0.7438002391976387	0.0933040614709111	0.08280254777070062	0.2605111294311624
0.4915254237288136	0.0	0.0008382229673093043	0.02649350649350649	0.006326758466691478	0.06896551724137931	0.02468373958654736	0.03329506314580941	0.0	0.008032128514056224	0.038461538461538464	0.7876254060052496	0.010976948408342482	0.0	0.020610057708161586
0.6101694915254237	0.5698421975452951	0.0	0.0903896103896104	0.004838109415705247	0.0	0.003394014193150262	0.051664753157290466	0.04388531304856642	0.1686746987951807	0.0576923076923077	0.7123940266193821	0.0021953896816684962	0.06369426751592358	0.3017312448474856
0.4067796610169492	0.02104032729398013	0.0	0.0	0.008931894305917381	0.0	0.017587164455414996	0.6785304247990815	0.0005851375073142189	0.0	0.0	0.7340383206457269	0.015367727771679471	0.025477707006369428	0.060181368507831824
0.4745762711864406	0.010520163646990065	0.0	0.0	0.0	0.0	0.0654119099043505	0.058553386911595874	0.004095962551199532	0.008032128514056224	0.0	0.6967193443341017	0.008781558726673985	0.02335456475583864	0.023083264633140973
0.6779661016949152	0.00935125657510228	0.08298407376362113	0.0	0.012281354670636398	0.0	0.004628201172477631	0.043628013777267514	0.0005851375073142189	0.0	0.19230769230769232	0.5366557623728373	0.0010976948408342481	0.002123142250530785	0.016488046166529262
0.6779661016949152	0.005260081823495032	0.0	0.03272727272727273	0.006326758466691478	0.20689655172413796	0.11817340327059547	0.042479908151549936	0.08133411351667642	0.0	0.0	0.7103579365052052	0.0	0.040339702760084924	0.0717230008244023
0.7627118644067796	0.0011689070718877848	0.0	0.26701298701298704	0.0148864905098623	0.0	0.12434433816723235	0.00574052812858783	0.0	0.11646586345381525	0.019230769230769232	0.8040023447948382	0.01866081229418222	0.027600849256900213	0.09975267930750206
0.7627118644067796	0.14962010520163646	0.0	0.0005194805194805195	0.027912169705991814	0.0	0.26535020055538416	0.0	0.0	0.0	0.019230769230769232	0.2705031412266701	0.0010976948408342481	0.0	0.2728771640560594
0.7118644067796609	0.00935125657510228	0.05616093880972338	0.07012987012987013	0.0	0.0	0.1160135760567726	0.1871412169919633	0.0	0.0	0.0	0.6591510578698735	0.03512623490669594	0.029723991507431	0.01483924154987634
0.3898305084745762	0.039158386908240785	0.0	0.032207792207792206	0.0011164867882396726	0.0	0.06880592409750078	0.1251435132032147	0.0	0.0	0.0	0.7071609447687884	0.13501646542261253	0.048832271762208064	0.14756801319043694
0.4406779661016949	0.10578609000584452	0.0	0.0	0.004093784890212133	0.0	0.000925640234495526	0.002296211251435132	0.0	0.0	0.038461538461538464	0.4535841064884646	0.04281009879253568	0.14225053078556266	1.0
0.4576271186440678	0.0005844535359438924	0.0	0.07688311688311689	0.008187569780424266	0.0	0.0367170626349892	0.21125143513203212	0.0	0.0	0.0	0.6847158720639607	0.1734357848518112	0.002123142250530785	0.036273701566364384
0.8813559322033897	0.009935710111046173	0.0	0.05246753246753247	0.002232973576479345	0.0	0.02005553841406973	0.002296211251435132	0.0	0.0	0.0	0.4676897384683754	0.18880351262349068	0.002123142250530785	0.01978565539983512
0.6779661016949152	0.0070134424313267095	0.0	0.0005194805194805195	0.20357275772236694	0.0	0.010182042579450786	0.0	0.0	0.0	0.0	0.4185478763290776	0.0010976948408342481	0.0	0.048639736191261336
0.4915254237288136	0.04208065458796025	0.0	0.0	0.004838109415705247	0.0	0.05337858685590867	0.14695752009184845	0.0	0.0	0.0	0.4906533146095976	0.014270032930845226	0.016985138004246284	0.12530915086562242
0.4576271186440678	0.2612507305669199	0.0	0.14545454545454545	0.00148864905098623	0.0	0.1724776303609997	0.060849598163030996	0.019309537741369218	0.0	0.0	0.7700909058162723	0.0076838638858397375	0.040339702760084924	0.21269579554822754
0.7796610169491525	0.02104032729398013	0.0	0.0	0.00148864905098623	0.0	0.1255785251465597	0.5200918484500574	0.0	0.0	0.019230769230769232	0.5112360574280487	0.18770581778265644	0.004246284501061571	0.7732893652102226
0.35593220338983045	0.0011689070718877848	0.0	0.3672727272727273	0.0003721622627465575	0.0	0.3909287257019438	0.31802525832376577	0.0	0.0	0.0	0.5527212398181159	0.0010976948408342481	0.12101910828025478	0.08738664468260511
0.5084745762711864	0.0309760374050263	0.0016764459346186086	0.0005194805194805195	0.02865649423148493	0.0	0.16352977476087627	0.001148105625717566	0.002925687536571094	0.0	0.13461538461538464	0.7826568330658442	0.014270032930845226	0.053078556263269634	0.038746908491343775
0.35593220338983045	0.163062536528346	0.0	0.1444155844155844	0.002232973576479345	0.0	0.04628201172477631	0.012629161882893229	0.0	0.004016064257028112	0.0	0.6292064638135809	0.3018660812294182	0.30148619957537154	0.14756801319043694
0.5423728813559321	0.0	0.0	0.0	0.005210271678451805	0.0	0.00030854674483184197	0.0	0.0	0.0	0.019230769230769232	0.5183431102334263	0.07464324917672888	0.0	0.7551525144270405
0.3728813559322034	0.004675628287551139	0.0	0.1251948051948052	0.01042054335690361	0.0	0.3579142240049367	0.13662456946039034	0.0	0.004016064257028112	0.0	0.3849926273584866	0.0076838638858397375	0.3375796178343949	0.14179719703215168
0.18644067796610164	0.009935710111046173	0.0	0.1012987012987013	0.0011164867882396726	0.0	0.13761184819500155	0.001148105625717566	0.0005851375073142189	0.0	0.038461538461538464	0.5780213132972282	0.004390779363336993	0.03821656050955414	0.20610057708161586
0.18644067796610164	0.0035067212156633548	0.0	0.5012987012987012	0.0011164867882396726	0.4655172413793103	0.0012341869793273679	0.12973593570608494	0.0023405500292568754	0.0	0.0	0.6347694157312979	0.003293084522502744	0.0	0.14097279472382526
0.3728813559322034	0.05084745762711864	0.0	0.045714285714285714	0.005210271678451805	0.0	0.10953409441530393	0.21010332950631455	0.038619075482738435	0.0	0.0	0.8433089181823904	0.04061470911086718	0.09554140127388534	0.06347897774113767
0.288135593220339	0.031560490940970194	0.20704107292539814	0.03324675324675325	0.0011164867882396726	0.20689655172413796	0.1974699166923789	0.18828932261768086	0.006436512580456407	0.21686746987951805	0.0	0.6978333675221667	0.0318331503841932	0.048832271762208064	0.16488046166529266
0.35593220338983045	0.0035067212156633548	0.0	0.06597402597402598	0.0	0.0	0.019438444924406047	0.0677382319173364	0.0	1.0	0.0	0.8530691876134974	0.1251372118551043	0.11040339702760084	0.21187139323990106
0.42372881355932196	0.0011689070718877848	0.0	0.0	0.13658355042798662	0.0	0.1804998457266276	0.23191733639494835	0.02516091281451141	0.0	0.0	0.7139269339380809	0.0	0.06794055201698514	0.06842539159109645
0.2542372881355932	0.005844535359438925	0.0	0.0005194805194805195	0.00148864905098623	0.0	0.1203332304844184	0.16647531572904709	0.0	0.0	0.0	0.5663556256794665	0.2568605927552141	0.03609341825902335	0.3668590272052762
0.18644067796610164	0.1537112799532437	0.0	0.0212987012987013	0.00595459620394492	0.0	0.16414686825053995	0.05625717566016074	0.00526623756582797	0.0	0.019230769230769232	0.7559301896369078	0.0076838638858397375	0.09341825902335456	0.06430338004946412
0.7796610169491525	0.005844535359438925	0.0	0.3392207792207792	0.008187569780424266	0.0	0.04628201172477631	0.034443168771526984	0.0	0.07228915662650602	0.0	0.6160475713446326	0.0	0.0	0.07831821929101401
0.3898305084745762	0.18118059614260665	0.0	0.2145454545454545	0.03126163007071083	0.0	0.014810243751928416	0.002296211251435132	0.0	0.004016064257028112	0.0	0.6303316038234049	1.0	0.07643312101910828	0.7254740313272877
0.3389830508474576	0.023378141437755698	0.0	0.0005194805194805195	0.003349460364719018	0.0	0.4202406664609688	0.3880597014925373	0.0	0.0	0.038461538461538464	0.5378488949032709	0.17672886937431395	0.5796178343949044	0.6380873866446826
0.3728813559322034	0.02104032729398013	0.0	0.3750649350649351	0.08224786006698921	0.0	0.11261956186362232	0.1584385763490241	0.0005851375073142189	0.0	0.0	0.5901787693542467	0.01756311745334797	0.1464968152866242	0.0
0.5084745762711864	0.011104617182933957	0.0	0.0	0.006698920729438036	0.0	0.005245294662141314	0.18484500574052812	0.003510825043885313	0.0	0.0	0.8368202425046632	0.16794731064763996	0.0	0.07337180544105522
0.35593220338983045	0.023378141437755698	0.0	0.04675324675324676	0.00148864905098623	0.0	0.0	0.0	0.00526623756582797	0.0	0.0	0.35688200726713004	0.0	0.0	0.0
0.7796610169491525	0.024547048509643482	0.0	0.0	0.18384815779679944	0.0	0.000925640234495526	0.0	0.0	0.0	0.13461538461538464	0.4668493729887783	0.0010976948408342481	0.008492569002123142	0.15416323165704865
0.3898305084745762	0.024547048509643482	0.0	0.0	0.0011164867882396726	0.0	0.148410984264116	0.018369690011481057	0.0	0.0	0.019230769230769232	0.4643469497757918	0.0	0.06369426751592358	0.597691673536686
0.5254237288135593	0.3991817650496785	0.0	0.7651948051948052	0.008931894305917381	0.0	0.2887997531626041	0.5223880597014926	0.0	0.0	0.0	0.4483171777206888	0.0010976948408342481	0.2611464968152866	0.10305028854080793
0.7288135593220341	0.042665108123904144	0.0	0.17142857142857146	0.0003721622627465575	0.0	0.165998148719531	0.15614236509758894	0.0497366881217086	0.004016064257028112	0.019230769230769232	0.5305013922589666	0.016465422612513717	0.04670912951167728	0.2868920032976092
0.4406779661016949	0.0011689070718877848	0.0	0.0	0.0044659471529586905	0.0	0.03579142240049368	0.6371986222732492	0.0	0.0	0.07692307692307693	0.5696717943434041	0.02524698133918771	0.008492569002123142	0.00989282769991756
0.10169491525423724	0.052016364699006425	0.0	1.0	0.2504652028284332	0.0	0.022523912372724463	0.09873708381171067	0.0	0.0	0.09615384615384616	0.5175134376145629	0.01975850713501646	0.0	0.0032976092333058533
0.4067796610169492	0.030391583869082407	0.0	0.17454545454545456	0.002232973576479345	0.0	0.10706572045664918	0.1251435132032147	0.0	0.0	0.038461538461538464	0.5499649049922476	0.004390779363336993	0.08280254777070062	0.4558944765045342
0.4745762711864406	0.0011689070718877848	0.0	0.0	0.000744324525493115	0.0	0.019438444924406047	0.001148105625717566	0.0	0.0	0.0	0.5593868282736459	0.010976948408342482	0.06369426751592358	0.3775762572135202
0.3728813559322034	0.0011689070718877848	0.0	0.1807792207792208	0.0026051358392259025	0.0	0.1005862388151805	0.1182548794489093	0.00994733762434172	0.0	0.0	0.6746746947460923	0.0021953896816684962	0.008492569002123142	0.048639736191261336
0.5593220338983051	0.02104032729398013	0.0	0.0005194805194805195	0.0044659471529586905	0.0	0.06448626966985498	0.008036739380022962	0.0017554125219426569	0.0	0.07692307692307693	0.5884074940384819	0.006586169045005488	0.010615711252653929	0.18136850783182196
0.4745762711864406	0.005260081823495032	0.0	0.0	0.000744324525493115	0.0	0.0024683739586547357	0.1871412169919633	0.0	0.0	0.019230769230769232	0.7267220874569996	0.3336992316136114	0.1613588110403397	0.8804616652926628
0.9491525423728812	0.01694915254237288	0.0	0.025454545454545452	0.00148864905098623	0.0	0.06386917618019129	0.14580941446613088	0.0	0.0	0.3461538461538461	0.7580809373305172	0.005488474204171241	0.11252653927813164	0.0
0.27118644067796605	0.07539450613676213	0.0	0.0	0.0003721622627465575	0.0	0.06170934896636841	0.003444316877152698	0.0011702750146284375	0.0	0.019230769230769232	0.6392140246705199	0.06915477497255762	0.0	0.04122011541632317
0.5423728813559321	0.08007013442431328	0.0	0.05350649350649351	0.17379977670264235	0.0	0.0829990743597655	0.06888633754305397	0.0011702750146284375	0.0	0.0	0.8277660701528377	0.012074643249176727	0.12738853503184713	0.1640560593569662
0.7288135593220341	0.1163062536528346	0.0	0.03064935064935065	0.0003721622627465575	0.0	0.050601666152422085	0.16762342135476466	0.006436512580456407	0.0	0.0	0.8101331083047586	0.0274423710208562	0.042462845010615716	0.06430338004946412
0.4406779661016949	0.02396259497369959	0.0016764459346186086	0.227012987012987	0.001860811313732788	0.0	0.035482875655661834	0.09873708381171067	0.011117612638970159	0.0	0.0	0.7486950293126432	0.024149286498353455	0.002123142250530785	0.22423742786479806
1.0	0.10169491525423728	0.00586756077116513	0.4483116883116883	0.03721622627465576	0.0	0.02838630052452946	0.03329506314580941	0.003510825043885313	0.004016064257028112	0.0	0.5801059833347518	0.0296377607025247	0.053078556263269634	0.2728771640560594
0.3220338983050848	0.02104032729398013	0.0	0.001038961038961039	0.005210271678451805	0.017241379310344827	0.5840789879666769	0.03788748564867968	0.0	0.0	0.0576923076923077	0.4701043948270912	0.003293084522502744	0.07643312101910828	0.6331409727947238
0.4406779661016949	0.17592051431911165	0.0008382229673093043	0.001038961038961039	0.1313732787495348	0.0	0.09225547670472076	0.004592422502870264	0.0017554125219426569	0.0	0.0	0.25109816344623426	0.0	0.0	0.07584501236603462
0.5593220338983051	0.007597895967270602	0.0	0.0	0.3178265723855601	0.0	0.050910212897253934	0.0	0.019309537741369218	0.004016064257028112	0.0	0.3605054416588688	0.0	0.11040339702760084	0.09975267930750206
0.7627118644067796	0.01870251315020456	0.019279128248114	0.28935064935064936	0.05247487904726461	0.0	0.008639308855291577	0.1859931113662457	0.0	0.0	0.07692307692307693	0.6082742474137118	0.01866081229418222	0.0	0.018136850783182192
0.5084745762711864	0.0005844535359438924	0.0008382229673093043	0.16	0.000744324525493115	0.0	0.012958963282937363	0.051664753157290466	0.00526623756582797	0.0	0.0	0.7954237649484058	0.014270032930845226	0.027600849256900213	0.112118713932399
0.42372881355932196	0.0035067212156633548	0.2305113160100587	0.15116883116883115	0.06029028656494233	0.3448275862068966	0.03795124961431657	0.003444316877152698	0.00526623756582797	0.357429718875502	0.2115384615384616	0.9463671896673812	0.07025246981339188	0.006369426751592357	0.008244023083264633
0.3728813559322034	0.008766803039158387	0.0	0.0	0.00148864905098623	0.0	0.46683122493057705	0.02296211251435132	0.0070216500877706275	0.024096385542168672	0.0	0.6497322630525699	0.0	0.09129511677282376	0.015663643858202802
0.8644067796610169	0.0023378141437755697	0.0	0.012987012987012988	0.00297729810197246	0.0	0.0425794507867942	0.2743972445464983	0.1860737273259216	0.024096385542168672	0.0	0.7831337331147762	0.07135016465422613	0.021231422505307854	0.01236603462489695
0.4915254237288136	0.011689070718877849	0.0	0.0005194805194805195	0.004838109415705247	0.0	0.09564949089787103	0.2801377726750861	0.0005851375073142189	0.0	0.0	0.7788571245734219	0.05049396267837542	0.1464968152866242	0.281121187139324
0.1186440677966102	1.0	0.0	0.03064935064935065	0.007071082992184593	0.0	0.1644554149953718	0.02985074626865672	1.0	0.0	0.0	0.4643619418408237	0.0	0.2717622080679405	0.0964550700741962
0.9152542372881356	0.05902980713033314	0.0	0.11792207792207793	0.07406029028656495	0.0	0.008330762110459734	0.04477611940298508	0.0	0.0	0.019230769230769232	0.7794883976583947	0.3018660812294182	0.027600849256900213	0.4830997526793075
0.7966101694915253	0.0005844535359438924	0.0	0.004675324675324675	0.08559732043170823	0.0	0.005553841406973156	0.039035591274397236	0.0	0.004016064257028112	0.0	0.6338923887116851	0.1229418221734358	0.01910828025477707	0.01236603462489695
0.5423728813559321	0.02104032729398013	0.0	0.1148051948051948	0.014514328247115744	0.0	0.03795124961431657	0.10562571756601608	0.0023405500292568754	0.0	0.0	0.8642705328348314	0.38309549945115257	0.118895966029724	0.06677658697444352
0.3728813559322034	0.1396843950905903	0.0	0.2753246753246753	0.0011164867882396726	0.0	0.02468373958654736	0.0	0.0	0.0	0.019230769230769232	0.4902198005037316	0.006586169045005488	0.027600849256900213	0.5474031327287716
0.2542372881355932	0.009935710111046173	0.0	0.001038961038961039	0.011164867882396724	0.0	0.2989817957420549	0.0	0.0	0.0	0.0	0.3783365328515761	0.0	0.0	0.21022258862324816
0.4406779661016949	0.027469316189362943	0.006705783738474434	0.13818181818181818	0.000744324525493115	0.0	0.03424868867633447	0.2617680826636051	0.0017554125219426569	0.0	0.0	0.8018837418736691	0.012074643249176727	0.027600849256900213	0.10717230008244023
0.3220338983050848	0.007597895967270602	0.0	0.05090909090909091	0.0003721622627465575	0.0	0.16939216291268128	0.043628013777267514	0.0005851375073142189	0.0	0.0576923076923077	0.6180836496687315	0.0	0.08280254777070062	0.0494641384995878
0.3898305084745762	0.01928696668614845	0.0	0.08363636363636362	0.0	0.0	0.04196235729713051	0.010332950631458095	0.0	0.6827309236947791	0.0	0.7058730892212876	0.02524698133918771	0.02335456475583864	0.033800494641384994
0.27118644067796605	0.01928696668614845	0.0	0.0	0.0011164867882396726	0.0	0.03208886146251157	0.04477611940298508	0.00526623756582797	0.0	0.07692307692307693	0.3948024660056083	0.003293084522502744	0.025477707006369428	0.034624896949711464
0.30508474576271183	0.005844535359438925	0.0	0.01090909090909091	0.060662448827688877	0.0	0.07621104597346498	0.09644087256027556	0.0011702750146284375	0.0	0.019230769230769232	0.7791734018172861	0.048298572996706916	0.008492569002123142	0.3561417971970321
0.3728813559322034	0.08240794856808882	0.0	0.13662337662337662	0.008931894305917381	0.0	0.05954952175254551	0.06544202066590127	0.008191925102399064	0.0	0.0	0.6889846714820341	0.02854006586169045	0.09554140127388534	0.3503709810387469
0.4745762711864406	0.010520163646990065	0.0	0.0	0.08485299590621513	0.0	0.0006170934896636839	0.0	0.0011702750146284375	0.0	0.0	0.2775978323105731	0.0	0.0	0.5556471558120363
0.6101694915254237	0.13208649912331968	0.0	0.3038961038961039	0.001860811313732788	0.0	0.10459734649799443	0.001148105625717566	0.0011702750146284375	0.12048192771084335	0.0	0.7600424751035336	0.09220636663007684	0.0	0.033800494641384994
0.8305084745762712	0.004091174751607247	0.0	0.12623376623376625	0.00744324525493115	0.0	0.02159827213822894	0.01148105625717566	0.0	0.0682730923694779	0.038461538461538464	0.5900980844096674	0.0010976948408342481	0.01910828025477707	0.34295136026380874
0.5423728813559321	0.004091174751607247	0.0008382229673093043	0.0	0.000744324525493115	0.0	0.1116939216291268	0.0	0.0011702750146284375	0.0	0.038461538461538464	0.4659658322021178	0.0	0.0	0.1261335531739489
0.3389830508474576	0.01870251315020456	0.0	0.0	0.005210271678451805	0.0	0.04134526380746683	0.01492537313432836	0.0310122878876536	0.0	0.0	0.6617280632960169	0.008781558726673985	0.0870488322717622	0.10222588623248144
0.7796610169491525	0.004091174751607247	0.0	0.0015584415584415587	0.000744324525493115	0.0	0.10490589324282627	0.10332950631458096	0.0	0.0	0.019230769230769232	0.472890022479208	0.010976948408342482	0.0	0.3833470733718055
0.8474576271186439	0.0	0.10226320201173512	0.05506493506493507	0.003349460364719018	0.06896551724137931	0.0021598272138228947	0.01492537313432836	0.0011702750146284375	0.0	0.7884615384615385	0.6982394723247779	0.0	0.0148619957537155	0.04451772464962902
0.576271186440678	0.039158386908240785	0.0	0.06493506493506493	0.002232973576479345	0.03448275862068965	0.1292810860845418	0.21239954075774967	0.1456992393212405	0.0	0.0	0.6295371644814939	0.0	0.059447983014862	0.1549876339653751
0.3898305084745762	0.0017533606078316774	0.0	0.002597402597402597	0.002232973576479345	0.0	0.17309472385066338	0.02296211251435132	0.0	0.0	0.0	0.6703692265178941	0.014270032930845226	0.03609341825902335	0.14014839241549876
0.7118644067796609	0.04149620105201636	0.0	0.08935064935064935	0.0044659471529586905	0.0	0.23819808701018205	0.0	0.0	0.0	0.0	0.5427178176537809	0.004390779363336993	0.0	0.40560593569662
0.4406779661016949	0.0	0.06705783738474434	0.0425974025974026	0.1831038332713063	0.0	0.0012341869793273679	0.008036739380022962	0.0	0.1004016064257028	0.0	0.7968685235272795	0.005488474204171241	0.004246284501061571	0.013190436933223413
0.35593220338983045	0.006428988895382817	0.0	0.0005194805194805195	0.061034611090435426	0.0	0.14779389077445232	0.6991963260619978	0.0	0.0	0.0	0.39312941619689823	0.0	0.0	0.18301731244847488
0.7457627118644068	0.01928696668614845	0.0	0.002077922077922078	0.012281354670636398	0.0	0.1234186979327368	0.008036739380022962	0.0011702750146284375	0.0	1.0	0.3365971695902602	0.03732162458836444	0.0	0.026380873866446827
0.6610169491525424	0.0023378141437755697	0.0	0.001038961038961039	0.09043542984741347	0.12068965517241377	0.0012341869793273679	0.001148105625717566	0.0	0.0	0.2115384615384616	0.5239763816073336	0.0	0.11252653927813164	0.4072547403132729
0.6101694915254237	0.08240794856808882	0.0008382229673093043	0.0	0.00148864905098623	0.0	0.018821351434742364	0.0	0.0	0.0	0.0	0.4877716088517446	0.2524698133918771	0.02335456475583864	0.0032976092333058533
0.9322033898305084	0.0005844535359438924	0.010058675607711651	0.0	0.000744324525493115	0.0	0.0	0.0	0.0005851375073142189	0.10441767068273093	0.0	0.7144875270550156	0.03841931942919869	0.03609341825902335	0.06100577081615829
0.4067796610169492	0.02863822326125073	0.0	0.0722077922077922	0.0011164867882396726	0.0	0.02746066029003394	0.26980482204362805	0.0	0.0	0.019230769230769232	0.7693869038406466	0.03841931942919869	0.008492569002123142	0.07584501236603462
0.42372881355932196	0.04850964348334307	0.0	0.08051948051948052	0.003349460364719018	0.0	0.16630669546436286	0.034443168771526984	0.0005851375073142189	0.12048192771084335	0.0	0.5961672937107739	0.0076838638858397375	0.059447983014862	0.19620774938169827
0.4067796610169492	0.014026884862653416	0.0008382229673093043	0.132987012987013	0.003349460364719018	0.0	0.004011107682813946	0.14006888633754305	0.0	0.0	0.0	0.9104960351531348	0.1251372118551043	0.01910828025477707	0.6413849958779885
0.4915254237288136	0.01694915254237288	0.0	0.01090909090909091	0.024934871604019356	0.0	0.14779389077445232	0.09184845005740527	0.0	0.0	0.0	0.7311477305585942	0.003293084522502744	0.016985138004246284	0.05935696619950536
0.42372881355932196	0.0035067212156633548	0.0	0.07272727272727272	0.0003721622627465575	0.0	0.17432891082999075	0.04936854190585534	0.02047981275599766	0.0	0.0	0.7294400719416577	0.0274423710208562	0.029723991507431	0.08491343775762572
0.7796610169491525	0.06253652834599649	0.0	0.05246753246753247	0.0	0.0	0.4563406356062944	0.013777267508610792	0.0	0.0	0.0	0.5838665661528705	0.29198682766191	0.002123142250530785	0.12283594394064305
0.4406779661016949	0.02396259497369959	0.0	0.0005194805194805195	0.004093784890212133	0.0	0.2351126195618636	0.0539609644087256	0.11527208894090113	0.0	0.019230769230769232	0.6439729361916325	0.09769484083424808	0.029723991507431	0.2877164056059357
0.5423728813559321	0.025715955581531263	0.0	0.0612987012987013	0.001860811313732788	0.0	0.037334156124652886	0.2743972445464983	0.0	0.19277108433734935	0.0	0.4334208229309736	0.0	0.0148619957537155	0.16075845012366036
0.5423728813559321	0.054938632378725885	0.0	0.054025974025974026	0.00930405656866394	0.0	0.12804689910521444	0.2571756601607348	0.0	0.0	0.019230769230769232	0.6462911373662973	0.01975850713501646	0.0148619957537155	0.11953833470733717
0.4915254237288136	0.4412624196376388	0.0	0.015064935064935066	0.09155191663565317	0.0	0.08207343412526998	0.15269804822043628	0.00526623756582797	0.0	0.0	0.5592826761792603	0.0010976948408342481	0.11464968152866242	0.12860676009892827
0.4576271186440678	0.015780245470485097	0.0	0.19064935064935065	0.01972459992556755	0.0	0.00030854674483184197	0.03329506314580941	0.0	0.0	0.0	0.5558180320433167	0.07244785949506037	0.03609341825902335	0.11624072547403133
0.8644067796610169	0.03448275862068965	0.0	0.10181818181818182	0.005210271678451805	0.0	0.03980253008330762	0.09873708381171067	0.0	0.004016064257028112	0.0	0.8759607497872081	0.004390779363336993	0.03609341825902335	0.05358615004122012
0.5423728813559321	0.010520163646990065	0.0	0.0	0.12318570896911052	0.0	0.14069731564331994	0.016073478760045924	0.0017554125219426569	0.0	0.17307692307692307	0.5698323785488134	0.0	0.10615711252653927	0.14179719703215168
0.6779661016949152	0.0	0.0008382229673093043	0.012987012987012988	0.05247487904726461	0.0	0.011416229558778154	0.04133180252583238	0.0	0.0	0.0	0.6183955643050302	0.0021953896816684962	0.010615711252653929	0.056059356966199514
0.27118644067796605	0.0011689070718877848	0.002514668901927913	0.0015584415584415587	0.016002977298101972	0.0	0.00925640234495526	0.009184845005740528	0.0005851375073142189	0.0	0.09615384615384616	0.7376582564189583	0.006586169045005488	0.0	0.015663643858202802
1.0	0.1075394506136762	0.0	0.4176623376623377	0.003349460364719018	0.0	0.05368713360074051	0.18828932261768086	0.0005851375073142189	0.2329317269076305	0.0	0.791827145578761	0.01975850713501646	0.002123142250530785	0.1755976916735367
0.7627118644067796	0.0005844535359438924	0.013411567476948869	0.0005194805194805195	0.03312244138444362	0.0	0.0734341252699784	0.0	0.0	0.0	0.5192307692307693	0.5221445196343351	0.0021953896816684962	0.0	0.033800494641384994
0.3728813559322034	0.052016364699006425	0.0	0.0	0.002232973576479345	0.0	0.005553841406973156	0.16991963260619974	0.0011702750146284375	0.0	0.0	0.4401227705114378	0.008781558726673985	0.118895966029724	0.4097279472382523
0.22033898305084745	0.06253652834599649	0.0	0.11792207792207793	0.0055824339411983635	0.0	0.28293736501079914	0.001148105625717566	0.0	0.0	0.0	0.31804869626907983	0.016465422612513717	0.12738853503184713	0.1327287716405606
0.3389830508474576	0.00935125657510228	0.0	0.0	0.03051730554521772	0.0	0.3801295896328294	0.0	0.0	0.0	0.019230769230769232	0.5511504358481804	0.16245883644346873	0.4416135881104034	0.09563066776586976
0.4576271186440678	0.0	0.0	0.022337662337662337	0.0271678451804987	0.0	0.0006170934896636839	0.001148105625717566	0.0	0.0	0.2692307692307693	0.5059733643599867	0.0010976948408342481	0.0	0.0016488046166529267
0.5593220338983051	0.012273524254821741	0.0	0.0	0.0055824339411983635	0.0	0.00030854674483184197	0.002296211251435132	0.0	0.004016064257028112	0.019230769230769232	0.4513952308574442	0.0	0.008492569002123142	0.0
0.3728813559322034	0.1227352425482174	0.0	0.0	0.17677707480461485	0.0	0.003702560937982104	0.0	0.03920421299005266	0.0	0.0	0.22221071624926192	0.0	0.0	0.12036273701566365
0.5254237288135593	0.053185271770894216	0.0	0.1548051948051948	0.000744324525493115	0.0	0.10151187904967604	0.0	0.0	0.0	0.13461538461538464	0.4869435065512663	0.03622392974753018	0.08280254777070062	0.15416323165704865
0.05084745762711862	0.014026884862653416	0.0	0.3412987012987013	0.00744324525493115	0.0	0.0	0.04018369690011482	0.0005851375073142189	0.0	0.0	0.2011670970087991	0.0	0.002123142250530785	0.00247320692497939
0.35593220338983045	0.0011689070718877848	0.057837384744342	0.005714285714285714	0.006326758466691478	0.0	0.05522986732489972	0.25258323765786456	0.0	0.0	0.0	0.7845813625323604	0.004390779363336993	0.008492569002123142	0.028029678483099757
0.7627118644067796	0.019871420222092345	0.0	0.4883116883116883	0.14328247115742465	0.0	0.05399568034557235	0.23536165327210104	0.0011702750146284375	0.0	0.0	0.7246031743666841	0.010976948408342482	0.002123142250530785	0.005770816158285243
0.5084745762711864	0.0	0.0	0.03116883116883117	0.004093784890212133	0.0	0.008639308855291577	0.08151549942594719	0.0005851375073142189	0.04819277108433735	0.0	0.7528570263199111	0.04500548847420417	0.008492569002123142	0.09480626545754328
0.4067796610169492	0.020455873758036237	0.0	0.0	0.0	0.0	0.10243751928417157	0.18828932261768086	0.0	0.0	0.0576923076923077	0.6753640923735874	0.23819978046103185	0.06581740976645435	0.2951360263808739
0.30508474576271183	0.01870251315020456	0.0	0.18493506493506487	0.000744324525493115	0.0	0.30700401110768283	0.0	0.021650087770626096	0.0	0.019230769230769232	0.52353239834824	0.013172338090010977	0.029723991507431	0.0
0.3389830508474576	0.04500292226767972	0.0	0.0	0.0	0.0	0.017278617710583154	0.0	0.0	0.0	0.038461538461538464	0.7285679936555051	0.3238199780461032	0.021231422505307854	0.2390766694146744
0.4576271186440678	0.0023378141437755697	0.0	0.07896103896103895	0.0026051358392259025	0.0	0.16939216291268128	0.07692307692307693	0.004095962551199532	0.0	0.0	0.7796095652983759	0.02524698133918771	0.01910828025477707	0.12201154163231658
0.4406779661016949	0.008766803039158387	0.0	0.16207792207792207	0.0003721622627465575	0.0	0.0021598272138228947	0.0	0.0	0.0	0.019230769230769232	0.5845052546309403	0.0	0.0	0.0008244023083264633
0.5423728813559321	0.024547048509643482	0.0	0.2451948051948052	0.0003721622627465575	0.0	0.13761184819500155	0.09184845005740527	0.0023405500292568754	0.0	0.0	0.5665555625015136	0.07903402854006586	0.03184713375796178	0.8326463314097281
0.6440677966101696	0.0	0.0008382229673093043	0.06233766233766234	0.10829921845924824	0.0	0.005245294662141314	0.14351320321469574	0.0005851375073142189	0.07228915662650602	0.0	0.7880716391357675	0.01756311745334797	0.0	0.1079967023907667
0.5593220338983051	0.017533606078316773	0.0	0.12155844155844155	0.001860811313732788	0.0	0.003394014193150262	0.0677382319173364	0.0005851375073142189	0.606425702811245	0.0	0.6636650951670812	0.005488474204171241	0.029723991507431	0.09480626545754328
0.3389830508474576	0.0017533606078316774	0.0	0.0	0.000744324525493115	0.0	0.05831533477321814	0.25487944890929964	0.0011702750146284375	0.004016064257028112	0.038461538461538464	0.32967683591664365	0.01975850713501646	0.18259023354564755	0.2077493816982688
0.3898305084745762	0.008766803039158387	0.0008382229673093043	0.10077922077922076	0.0055824339411983635	0.0	0.012650416538105523	0.12055109070034445	0.0	0.0	0.0	0.7839980763598052	0.0592755214050494	0.09978768577494693	0.13355317394888705
0.4406779661016949	0.011104617182933957	0.0	0.0	0.0	0.0	0.0015427337241592102	0.05625717566016074	0.0	0.0	0.038461538461538464	0.7432465928316917	0.2678375411635565	0.006369426751592357	0.017312448474855732
0.288135593220339	0.004675628287551139	0.0	0.1605194805194805	0.002232973576479345	0.0	0.07651959271829682	0.12399540757749715	0.0	0.0	0.0	0.8067167468242841	0.1437980241492865	0.02335456475583864	0.04122011541632317
0.35593220338983045	0.017533606078316773	0.0	0.06545454545454546	0.023446222553033125	0.0	0.003394014193150262	0.05625717566016074	0.0	0.0	0.038461538461538464	0.6625057071424468	0.004390779363336993	0.055201698513800426	0.25061830173124483
0.7627118644067796	0.06078316773816481	0.0	0.005714285714285714	0.0026051358392259025	0.0	0.14162295587781548	0.2307692307692308	0.0017554125219426569	0.0	0.0	0.7642814484449519	0.005488474204171241	0.06369426751592358	0.27617477328936524
0.4067796610169492	0.007597895967270602	0.0	0.055584415584415584	0.0003721622627465575	0.0	0.08392471459426103	0.12973593570608494	0.0	0.0	0.0	0.4940886614930334	0.4281009879253568	0.03397027600849257	0.3619126133553174
0.4067796610169492	0.0011689070718877848	0.0	0.043116883116883116	0.00744324525493115	0.0	0.026535020055538414	0.06659012629161883	0.007606787595084845	0.3052208835341365	0.0	0.8953137602964875	0.02305159165751921	0.002123142250530785	0.006595218466611707
0.4576271186440678	0.043834015195791935	0.0	0.10909090909090907	0.00297729810197246	0.0	0.16322122801604444	0.08266360505166476	0.0017554125219426569	0.0	0.0	0.7467021321395396	0.15587266739846325	0.1889596602972399	0.0832646331409728
0.4915254237288136	0.0029222676797194627	0.0	0.3241558441558441	0.000744324525493115	0.0	0.01079913606911447	0.6050516647531573	0.0	0.3493975903614457	0.0	0.780737525104993	0.005488474204171241	0.016985138004246284	0.18384171475680133
0.8135593220338984	0.007597895967270602	0.0	0.15636363636363634	0.011164867882396724	0.0	0.18296821968528232	0.03788748564867968	0.0017554125219426569	0.0	0.0	0.7343347420793273	0.0076838638858397375	0.061571125265392775	0.30008244023083264
0.3728813559322034	0.052016364699006425	0.0	0.11636363636363635	0.0003721622627465575	0.0	0.049367479173094725	0.19517795637198626	0.0011702750146284375	0.03614457831325301	0.0	0.6920053486448402	0.3644346871569704	0.0	0.2563891178895301
0.4067796610169492	0.019871420222092345	0.0008382229673093043	0.0	0.032005954596203944	0.0	0.3474236346806541	0.34672789896670503	0.005851375073142188	0.0	0.0	0.640208960507361	0.013172338090010977	0.027600849256900213	0.09398186314921682
0.4576271186440678	0.12039742840444186	0.0008382229673093043	0.0	0.04168217342761444	0.0	0.050601666152422085	0.03329506314580941	0.0	0.0	0.0	0.7183480176007687	0.04281009879253568	0.016985138004246284	0.1442704039571311
0.3728813559322034	0.0011689070718877848	0.0008382229673093043	0.09558441558441558	0.00595459620394492	0.0	0.0484418389385992	0.09873708381171067	0.0	0.056224899598393566	0.0	0.9167286690574726	0.09659714599341383	0.010615711252653929	0.2201154163231657
