Otu00367	Otu00110	Otu00030	Otu00018	Otu00064	Otu00302	Otu00126	Otu00361	Otu00025	Otu00009	Otu00056	Otu00165	Otu00089	Otu00082	Otu00240
0.0	0.0	0.1446613088404133	0.11532467532467533	0.0	0.0	0.2066115702479339	0.00909090909090909	0.02630040911747516	0.1261406333870102	0.018970189701897015	0.0	0.07228915662650602	0.014527845036319613	0.0
0.0	0.0	0.1515499425947187	0.0	0.0	0.0	0.06611570247933883	0.0	0.004091174751607247	0.06387546967257113	0.4119241192411924	0.0	0.03614457831325301	0.0	0.0
0.009345794392523364	0.0016764459346186086	0.021814006888633757	0.0	0.0	0.0	0.2396694214876033	0.0	0.05902980713033314	0.019860440150295224	0.002710027100271003	0.004484304932735426	0.01606425702811245	0.06295399515738499	0.037500000000000006
0.0	0.0	0.13777267508610794	0.0005194805194805195	0.0	0.0	0.0	0.0	0.008766803039158387	0.2882447665056361	0.002710027100271003	0.0	0.008032128514056224	0.25181598062954	0.0125
0.0	0.0	0.02985074626865672	0.07168831168831169	0.0	0.0	0.0	0.0	0.05844535359438925	0.08319914117015566	0.1978319783197832	0.03139013452914798	0.0	0.01937046004842615	0.00625
0.0	0.06538139145012574	0.12055109070034445	0.017142857142857144	0.16923076923076924	0.0	0.0	0.0	0.005260081823495032	0.005367686527106817	0.0	0.15695067264573992	0.37951807228915657	0.06537530266343826	0.0125
0.0	0.0	0.0746268656716418	0.1174025974025974	0.0	0.0	0.10743801652892562	0.0	0.013442431326709523	0.20182501341921635	0.024390243902439025	0.0	0.008032128514056224	0.5496368038740921	0.0
0.0	0.0008382229673093043	0.08151549942594719	0.0	0.0	0.0	0.0	0.0	0.0023378141437755697	0.06387546967257113	0.13279132791327913	0.0	0.0	0.0	0.025
0.0	0.0	0.0	0.025974025974025976	0.04475524475524476	0.0	0.2066115702479339	0.0	0.21800116890707188	0.02200751476113795	0.07317073170731707	0.06278026905829596	0.0	0.6561743341404359	0.05625
0.0	0.0	0.11595866819747418	0.0	0.0	0.0	0.0	0.0	0.046171829339567504	0.13097155126140633	0.0	0.3946188340807175	0.0	0.5157384987893463	0.0
0.0	0.0	0.16417910447761194	0.05974025974025974	0.0	0.0	0.09917355371900828	0.0	0.023378141437755698	0.0322061191626409	0.10840108401084013	0.0	0.0	0.02421307506053269	0.0
0.0	0.0	0.048220436280137766	0.3189610389610389	0.0	0.0	0.0	0.0	0.004091174751607247	0.11003757380568976	0.3089430894308943	0.16591928251121074	0.2710843373493976	0.09200968523002423	0.0
0.0	0.0	0.24569460390355916	0.0005194805194805195	0.0	0.0	0.0	0.0	0.07890122735242547	0.10091250670960816	0.051490514905149054	0.04932735426008968	0.0	0.007263922518159807	0.0125
0.0	0.0	0.1859931113662457	0.08727272727272728	0.0	0.0	0.2727272727272727	0.0	0.011104617182933957	0.15727321524422974	0.016260162601626015	0.0	0.11646586345381525	0.09927360774818404	0.0
0.0	0.0016764459346186086	0.20206659012629166	0.3890909090909091	0.0	0.0	0.0	0.0	0.0023378141437755697	0.19216317767042404	0.0054200542005420045	0.0	0.0	0.0	0.0
0.0	0.0	0.2296211251435132	0.0005194805194805195	0.0013986013986013984	0.0	0.0	0.0	0.008182349503214495	0.202361782071927	0.23306233062330625	0.0	0.09638554216867468	0.26150121065375304	0.0
0.0	0.0	0.008036739380022962	0.16883116883116886	0.0	0.0	0.0	0.00909090909090909	0.049678550555230856	0.15190552871712293	0.06233062330623306	0.0	0.002008032128514056	0.014527845036319613	0.0
0.0	0.0	0.0	0.001038961038961039	0.0	0.0	0.0	0.0	0.037989479836353014	0.0021470746108427268	0.0054200542005420045	0.004484304932735426	0.002008032128514056	0.0	0.0125
0.0	0.0	1.0	0.0	0.0	0.0	0.2231404958677686	0.0	0.011104617182933957	0.006977992485238862	0.016260162601626015	0.0	0.0	0.014527845036319613	0.0
0.0	0.0	0.2629161882893226	0.07012987012987013	0.0	0.0	0.0	0.0	0.005260081823495032	0.007514761137949544	0.0	0.0	0.0	0.012106537530266344	0.0
0.0	0.0	0.04133180252583238	0.0	0.0	0.0	0.0	0.0	0.014026884862653416	0.2796564680622652	0.024390243902439025	0.044843049327354265	0.1184738955823293	0.0	0.0
0.0	0.0	0.0	0.0	0.0	0.0	0.0	0.0	0.4821741671537113	0.12238325281803546	0.0	0.0	0.06224899598393574	0.0	0.025
0.0	0.0	0.190585533869116	0.05246753246753247	0.0	0.0	0.016528925619834708	0.0	0.03331385154880187	0.03166935050993022	0.013550135501355014	0.008968609865470852	0.0	0.01694915254237288	0.0125
0.0	0.0	0.5315729047072331	0.5158441558441559	0.0	0.0	0.0	0.0	0.22443015780245468	0.4578636607622114	0.04065040650406504	0.0	0.018072289156626502	0.0	0.00625
0.0	0.0	0.01148105625717566	0.11428571428571427	0.0	0.0	0.06611570247933883	0.0	0.10637054354178843	0.005367686527106817	0.3794037940379404	0.0	0.0	0.014527845036319613	0.0
0.0	0.0	0.09184845005740527	0.0005194805194805195	0.0	0.0	0.11570247933884298	0.0	0.0935125657510228	0.10305958132045087	0.008130081300813006	0.0	0.05421686746987951	0.0	0.0125
0.0	0.0	0.3559127439724455	0.09142857142857144	0.0	0.0	0.0	0.0	0.023378141437755698	0.07085346215780998	0.002710027100271003	0.0	0.09236947791164657	0.06537530266343826	0.0
0.0	0.0	0.10103329506314583	0.0005194805194805195	0.0	0.0	0.25619834710743805	0.0	0.02513150204558737	0.11486849168008588	0.04878048780487805	0.0	0.0	0.2832929782082325	0.00625
0.0	0.0	0.05281285878300804	0.13246753246753246	0.0	0.0	0.14049586776859505	0.0	0.005844535359438925	0.2485238862050456	0.027100271002710032	0.16591928251121074	0.022088353413654616	0.014527845036319613	0.00625
0.0	0.0008382229673093043	0.08725602755453503	0.0374025974025974	0.0	0.0015552099533437016	0.0	0.0	0.005844535359438925	0.024154589371980683	0.17886178861788618	0.0	0.012048192771084336	0.012106537530266344	0.037500000000000006
0.0	0.0	0.0	0.09610389610389612	0.0	0.0	0.2479338842975207	0.0	0.011104617182933957	0.9522275899087492	0.002710027100271003	0.0	0.0	0.0024213075060532693	0.00625
0.009345794392523364	0.0	0.002296211251435132	0.0	0.0	0.0	0.371900826446281	0.00909090909090909	0.2232612507305669	0.2764358561460011	0.14092140921409213	0.0	0.11044176706827308	0.0	0.0
0.009345794392523364	0.0	0.004592422502870264	0.0	0.0	0.0	0.1900826446280992	0.0	0.05961426066627702	0.1374127750939345	0.013550135501355014	0.0	0.09638554216867468	0.0024213075060532693	0.0
0.0	0.0	0.3685419058553387	0.0	0.0	0.0	0.14049586776859505	0.0	0.0035067212156633548	0.15673644659151906	0.14905149051490515	0.02690582959641256	0.002008032128514056	0.11138014527845036	0.05
0.0	0.0	0.002296211251435132	0.0015584415584415587	0.0	0.0	0.0	0.0	0.18877849210987727	0.08695652173913042	0.002710027100271003	0.004484304932735426	0.0642570281124498	0.031476997578692496	0.0
0.0	0.0008382229673093043	0.365097588978186	0.02649350649350649	0.0	0.0	0.0	0.0	0.0023378141437755697	0.1588835212023618	0.008130081300813006	0.06726457399103139	0.01606425702811245	0.004842615012106539	0.0
0.0	0.0008382229673093043	0.002296211251435132	0.0	0.0	0.0	0.0	0.0	0.19812974868497954	0.0	0.25203252032520324	0.0	0.002008032128514056	0.0	0.03125
0.0	0.0	0.06659012629161883	0.033766233766233764	0.0	0.0	0.0	0.0	0.0023378141437755697	0.22383252818035426	0.07588075880758807	0.004484304932735426	0.01606425702811245	0.004842615012106539	0.0
0.0	0.0	0.15040183696900114	0.19428571428571428	0.0	0.0	0.008264462809917356	0.0	0.12507305669199298	0.107890499194847	0.08943089430894309	0.0	0.002008032128514056	0.031476997578692496	0.0
0.0	0.0008382229673093043	0.12399540757749715	0.15688311688311687	0.00034965034965034965	0.0	0.0	0.0	0.0029222676797194627	0.17444981213097155	0.15718157181571815	0.0	0.01004016064257028	0.3075060532687651	0.13125
0.0	0.0	0.001148105625717566	0.0	0.0	0.0	0.1322314049586777	0.00909090909090909	0.0	0.019860440150295224	0.0	0.0	0.3875502008032128	0.06537530266343826	0.025
0.0	0.0	0.027554535017221583	0.0005194805194805195	0.00034965034965034965	0.0	0.0	0.0	0.0	0.11594202898550725	0.16260162601626016	0.0	0.1004016064257028	0.0	0.0
0.0	0.0	0.027554535017221583	0.01246753246753247	0.0	0.0	0.2479338842975207	0.0	0.0	0.0177133655394525	0.26287262872628725	0.0	0.22489959839357426	0.021791767554479417	0.0
0.0	0.0	0.1148105625717566	0.07168831168831169	0.0	0.0	0.0	0.0	0.0017533606078316774	0.13311862587224907	0.25474254742547425	0.004484304932735426	0.0	0.0	0.00625
0.0	0.0	0.0711825487944891	0.001038961038961039	0.0	0.0	0.0	0.0	0.056691992986557575	0.061728395061728385	0.25203252032520324	0.0	0.07831325301204818	0.0	0.00625
0.0	0.0008382229673093043	0.12629161882893228	0.2083116883116883	0.0	0.0	0.09090909090909093	0.0	0.004091174751607247	0.10681696188942566	0.11924119241192413	0.0	0.0321285140562249	0.0	0.0
0.0	0.0	0.12284730195177955	0.10701298701298702	0.0	0.0	0.1900826446280992	0.0	0.01870251315020456	0.0703166935050993	0.11924119241192413	0.0	0.01004016064257028	0.19370460048426152	0.0
0.0	0.0	0.03788748564867968	0.0	0.0	0.0	0.0	0.0	0.012273524254821741	0.14546430488459475	0.6747967479674797	0.0	0.0642570281124498	0.1476997578692494	0.0
0.0	0.0	0.08955223880597016	0.0	0.0	0.0	0.0	0.0	0.0	0.011272141706924315	0.016260162601626015	0.0	0.0	0.021791767554479417	0.018750000000000003
0.0	0.0	0.0	0.09350649350649352	0.0	0.0	0.14049586776859505	0.0	0.1624780829924021	0.0005367686527106817	0.03252032520325203	0.0	0.0	0.06295399515738499	0.025
0.0	0.0	0.17451205510907006	0.043116883116883116	0.0	0.0	0.09090909090909093	0.0	0.02396259497369959	0.045625335480407946	0.2981029810298103	0.017937219730941704	0.006024096385542168	0.09443099273607747	0.0
0.0	0.0	0.1354764638346728	0.0	0.0	0.0	0.0	0.0	0.09585037989479836	0.0	0.0	0.0	0.0	0.0	0.0
0.0	0.0	0.060849598163030996	0.09402597402597404	0.0	0.0	0.0	0.00909090909090909	0.015780245470485097	0.18572195383789586	0.20596205962059624	0.25112107623318386	0.02008032128514056	0.007263922518159807	0.0
0.10280373831775699	0.012573344509639563	0.14006888633754305	0.0005194805194805195	0.0	0.0	0.5123966942148761	0.01818181818181818	0.01636469900642899	0.20343531937734835	0.008130081300813006	0.0	0.01606425702811245	0.0	0.0
0.0	0.0	0.12284730195177955	0.02181818181818182	0.0	0.0	0.09917355371900828	0.0	0.009935710111046173	0.1143317230273752	0.0948509485094851	0.0	0.0	0.0024213075060532693	0.00625
0.0	0.0	0.0	0.0	0.0	0.0	0.0	0.0	0.0029222676797194627	0.02254428341384863	0.07317073170731707	0.09417040358744394	0.01606425702811245	0.09200968523002423	0.0
0.0	0.0	0.009184845005740528	0.001038961038961039	0.0	0.0	0.0	0.0	0.046171829339567504	0.20611916264090174	0.0054200542005420045	0.004484304932735426	0.004016064257028112	0.0024213075060532693	0.0
0.0	0.0	0.14580941446613088	0.0	0.0	0.0	0.0	0.0	0.0005844535359438924	0.0	0.4010840108401084	0.004484304932735426	0.018072289156626502	0.009685230024213077	0.0625
0.0	0.0016764459346186086	0.0574052812858783	0.371948051948052	0.0	0.0	0.4049586776859504	0.0	0.0035067212156633548	0.2581857219538379	0.07859078590785908	0.01345291479820628	0.19879518072289154	0.0024213075060532693	0.037500000000000006
0.009345794392523364	0.0	0.16647531572904709	0.0005194805194805195	0.0	0.0	0.09090909090909093	0.0	0.04091174751607247	0.13419216317767044	0.12466124661246612	0.0	0.022088353413654616	0.021791767554479417	0.0
0.0	0.0	0.06659012629161883	0.0	0.0	0.0	0.02479338842975207	0.01818181818181818	0.029807130333138518	0.008051529790660225	0.10840108401084013	0.0	1.0	0.009685230024213077	0.0
0.02803738317757009	0.0	0.18828932261768086	0.14545454545454545	0.00034965034965034965	0.0	0.231404958677686	0.00909090909090909	0.0023378141437755697	0.050993022007514766	0.2032520325203252	0.0	0.004016064257028112	0.13317191283292978	0.00625
0.0	0.0	0.02640642939150402	0.04935064935064935	0.0	0.0	0.09917355371900828	0.0	0.008766803039158387	0.041331186258722494	0.024390243902439025	0.32286995515695066	0.5100401606425702	0.014527845036319613	0.0
0.06542056074766353	0.10645431684828163	0.27898966704936856	0.03168831168831169	0.12132867132867133	0.004665629860031105	0.2727272727272727	0.027272727272727268	0.0023378141437755697	0.09125067096081588	0.3604336043360434	0.04932735426008968	0.1144578313253012	0.05569007263922519	0.0
0.0	0.0	0.0677382319173364	0.02753246753246753	0.0	0.0	0.08264462809917356	0.0	0.2238457042665108	0.061191626409017714	0.16802168021680214	0.0	0.0	0.18401937046004846	0.0
0.0	0.0	0.001148105625717566	0.001038961038961039	0.0	0.0015552099533437016	0.0	0.0	0.02513150204558737	0.05689747718733226	0.16531165311653118	0.0	0.15662650602409636	0.0	0.0125
0.0	0.0	0.1997703788748565	0.06909090909090909	0.0	0.0	0.1487603305785124	0.0	0.02630040911747516	0.06280193236714976	0.07588075880758807	0.0	0.008032128514056224	0.031476997578692496	0.0
0.0	0.0	0.0	0.07116883116883117	0.08671328671328671	0.0	0.231404958677686	0.00909090909090909	0.0023378141437755697	0.0005367686527106817	0.0975609756097561	0.07623318385650224	0.0	0.8159806295399517	0.0
0.0	0.0	0.0	0.0	0.00034965034965034965	0.0	0.12396694214876032	0.0	0.0023378141437755697	0.037037037037037035	0.0	0.004484304932735426	0.006024096385542168	0.0	0.0
0.0	0.0	0.1515499425947187	0.0	0.0	0.0	0.0	0.0	0.0	0.012345679012345678	0.059620596205962065	0.15695067264573992	0.024096385542168672	0.031476997578692496	0.0
0.0	0.0	0.043628013777267514	0.0	0.0	0.0	0.1487603305785124	0.0	0.40327293980128576	0.14814814814814814	0.13279132791327913	0.08520179372197309	0.018072289156626502	0.046004842615012115	0.0
0.08411214953271028	0.0	0.002296211251435132	0.558961038961039	0.0	0.0	0.5289256198347108	0.0	0.0011689070718877848	0.14117015566290927	0.0	0.0	0.0	0.04116222760290557	0.018750000000000003
0.0	0.0	0.2135476463834673	0.05766233766233767	0.02167832167832168	0.0	0.14049586776859505	0.0	0.015195791934541203	0.10681696188942566	0.027100271002710032	0.008968609865470852	0.002008032128514056	0.004842615012106539	0.04375
0.0	0.0	0.025258323765786454	0.008831168831168832	0.00034965034965034965	0.0	0.2644628099173554	0.0	0.008182349503214495	0.20611916264090174	0.06775067750677506	0.0	0.01606425702811245	0.12590799031477	0.0
0.4859813084112149	0.26487845766974016	0.03214695752009185	0.25298701298701304	0.0	0.0	0.371900826446281	0.7	0.4050263004091175	0.10628019323671498	0.0054200542005420045	0.0	0.03815261044176706	0.08232445520581114	0.037500000000000006
0.009345794392523364	0.0	0.025258323765786454	0.1709090909090909	0.0	0.0	0.0	0.0	0.03506721215663355	0.0064412238325281795	0.002710027100271003	0.0	0.7329317269076304	0.1549636803874092	0.0
0.0	0.0	0.08840413318025259	0.07012987012987013	0.0	0.0	0.09917355371900828	0.0	0.06662770309760374	0.05743424584004294	0.043360433604336036	0.0	0.0	0.09685230024213076	0.05625
0.2803738317757009	0.20201173512154236	0.012629161882893229	0.1174025974025974	0.0	0.04354587869362364	0.17355371900826447	0.0	0.005260081823495032	0.24584004294149225	0.03252032520325203	0.0	0.004016064257028112	0.0	0.0
0.0	0.0	0.14006888633754305	0.001038961038961039	0.00034965034965034965	0.0	0.0	0.0	0.0035067212156633548	0.059044551798174985	0.2845528455284553	0.02690582959641256	0.1465863453815261	0.02663438256658596	0.0
0.0	0.0	0.008036739380022962	0.07584415584415584	0.0	0.0	0.0	0.027272727272727268	0.05844535359438925	0.046698872785829314	0.018970189701897015	0.008968609865470852	0.006024096385542168	0.09927360774818404	0.0
0.0	0.0016764459346186086	0.02870264064293915	0.16675324675324674	0.0013986013986013984	0.0	0.05785123966942149	0.0	0.015780245470485097	0.3064949006977992	0.0	0.004484304932735426	0.0321285140562249	0.0024213075060532693	0.0
0.0	0.0	0.039035591274397236	0.0	0.0	0.0	0.08264462809917356	0.00909090909090909	0.008766803039158387	0.044551798174986584	0.2086720867208672	0.02690582959641256	0.030120481927710836	0.0	0.0
0.0	0.0008382229673093043	0.07003444316877153	0.0	0.0	0.0	0.3140495867768595	0.0	0.0035067212156633548	0.046698872785829314	0.08130081300813008	0.022421524663677132	0.14257028112449802	0.0	0.2375
0.0	0.0	0.1997703788748565	0.0005194805194805195	0.0	0.0	0.0	0.0	0.0035067212156633548	0.0010735373054213634	0.0	0.08071748878923768	0.01004016064257028	0.1089588377723971	0.0
0.018691588785046728	0.025984911986588432	0.002296211251435132	0.016623376623376623	0.0	0.0	0.5454545454545454	0.01818181818181818	0.029222676797194626	0.006977992485238862	0.03252032520325203	0.0	0.0	0.007263922518159807	0.0125
0.04672897196261682	0.947191953059514	0.08725602755453503	0.015064935064935066	0.0	0.0	0.2644628099173554	0.3818181818181818	0.025715955581531263	0.024154589371980683	0.010840108401084009	0.02690582959641256	0.026104417670682733	0.014527845036319613	0.0
0.037383177570093455	0.0	0.1584385763490241	0.17662337662337665	0.10069930069930068	0.0	0.0	0.0	0.06487434248977206	0.01878690284487386	0.029810298102981032	0.0	0.02008032128514056	0.0	0.0125
0.0	0.0	0.058553386911595874	0.016103896103896103	0.0	0.0	0.08264462809917356	0.0	0.036820572764465216	0.0	0.17886178861788618	0.0	0.008032128514056224	0.0	0.0125
0.037383177570093455	0.1785414920368818	0.12055109070034445	0.0638961038961039	0.0	0.14463452566096424	0.2396694214876033	0.16363636363636366	0.0070134424313267095	0.09286097691894793	0.010840108401084009	0.09417040358744394	0.0	0.15012106537530268	0.025
1.0	0.12657166806370496	0.003444316877152698	0.002597402597402597	0.00034965034965034965	0.1057542768273717	1.0	0.2909090909090909	0.00935125657510228	0.007514761137949544	0.013550135501355014	0.008968609865470852	0.002008032128514056	0.0024213075060532693	0.025
0.0	0.0	0.6280137772675086	0.0	0.0	0.0	0.05785123966942149	0.0	0.00935125657510228	0.0005367686527106817	0.0	0.0	0.0	0.0	0.23125
0.20560747663551399	0.8222967309304275	0.048220436280137766	0.0	0.0	0.0	0.0	0.027272727272727268	0.0011689070718877848	0.04830917874396135	0.3089430894308943	0.0	0.0	0.01937046004842615	0.0
0.0	0.041072925398155914	0.0	0.06285714285714286	0.046503496503496514	0.0	0.11570247933884298	0.06363636363636363	0.1396843950905903	0.11540526033279655	0.2926829268292683	0.0	0.0	0.0	0.0125
0.0	0.0	0.04592422502870264	0.34233766233766233	0.0	0.0	0.4462809917355372	0.0	0.007597895967270602	0.1052066559312936	0.0054200542005420045	0.0	0.0642570281124498	0.0	0.1125
0.0	0.0	0.03559127439724455	0.11844155844155844	0.001048951048951049	0.0	0.0	0.0	0.0	0.08641975308641975	0.021680216802168018	0.0	0.0	0.14043583535108958	0.0
0.41121495327102797	0.0	0.14810562571756605	0.28623376623376623	0.0	0.0	0.0	0.0	0.03740502630040912	0.015566290928609769	0.06233062330623306	0.11659192825112108	0.0	0.0	0.00625
0.0	0.0	0.019517795637198618	0.044155844155844164	0.0	0.0	0.0	0.0	0.012857977790765631	0.06494900697799247	0.1842818428184282	0.022421524663677132	0.0682730923694779	0.05326876513317192	0.0
0.0	0.0	0.0642939150401837	0.0005194805194805195	0.0	0.0	0.231404958677686	0.0	0.01694915254237288	0.003757380568974772	0.002710027100271003	0.0	0.002008032128514056	0.004842615012106539	0.0125
0.0	0.0	0.0	0.0	0.0	0.0	0.3636363636363637	0.0	0.00935125657510228	0.0	0.0	0.0	0.0	0.0	0.0
0.0	0.0008382229673093043	0.03559127439724455	0.19116883116883115	0.006643356643356644	0.0	0.04132231404958678	0.0	0.0011689070718877848	0.033816425120772944	0.008130081300813006	0.09417040358744394	0.2570281124497992	0.21307506053268765	0.0125
0.0	0.0	0.019517795637198618	0.01246753246753247	0.0	0.0	0.1900826446280992	0.0	0.007597895967270602	0.07836822329575953	0.0	0.0	0.1224899598393574	0.0024213075060532693	0.0
0.0	0.0016764459346186086	0.047072330654420215	0.07688311688311689	0.13006993006993006	0.0	0.2066115702479339	0.01818181818181818	0.0017533606078316774	0.05528717122920022	0.4037940379403794	0.03139013452914798	0.0	0.04116222760290557	0.05
0.0	0.0	0.002296211251435132	0.20935064935064931	0.0	0.0	0.18181818181818185	0.0	0.0017533606078316774	0.2576489533011272	0.0	0.0	0.002008032128514056	0.0	0.0
0.0	0.0	0.02985074626865672	0.0	0.0	0.0	0.4958677685950413	0.0	0.03506721215663355	0.2163177670424047	0.002710027100271003	0.035874439461883414	0.002008032128514056	0.0	0.0
0.08411214953271028	0.3512154233025985	0.20551090700344432	0.017142857142857144	0.4437062937062937	0.17573872472783825	0.0743801652892562	0.3	0.0029222676797194627	0.026838432635534086	0.07046070460704608	0.05829596412556054	0.01004016064257028	0.01937046004842615	0.0625
0.0	0.0	0.027554535017221583	0.004675324675324675	0.0	0.0	0.0	0.0	0.05610753945061367	0.007514761137949544	0.018970189701897015	0.08071748878923768	0.13855421686746985	0.007263922518159807	0.0
0.0	0.0	0.24569460390355916	0.054545454545454536	0.0	0.0	0.18181818181818185	0.0	0.028053769725306838	0.1701556629092861	0.051490514905149054	0.07174887892376683	0.0502008032128514	0.012106537530266344	0.0
0.0	0.002514668901927913	0.0574052812858783	0.03896103896103896	0.0027972027972027968	0.004665629860031105	0.008264462809917356	0.0	0.05844535359438925	0.026838432635534086	0.05691056910569105	0.008968609865470852	0.008032128514056224	0.014527845036319613	0.1875
0.0	0.0	0.4144661308840413	0.4332467532467533	0.6580419580419581	0.0	0.0	0.0	0.005844535359438925	0.13633923778851315	0.4037940379403794	0.0	0.1004016064257028	0.009685230024213077	0.00625
0.3364485981308411	1.0	0.018369690011481057	0.0	0.0	1.0	0.0	0.9454545454545454	0.0	0.0021470746108427268	0.0054200542005420045	0.0	0.014056224899598391	0.0024213075060532693	0.03125
0.037383177570093455	0.012573344509639563	0.001148105625717566	0.15636363636363634	0.0	0.0	0.04958677685950413	0.0	0.0011689070718877848	0.2871712292002147	0.14092140921409213	0.0	0.004016064257028112	0.4939467312348669	0.0
0.16822429906542055	0.012573344509639563	0.025258323765786454	0.034805194805194804	0.00034965034965034965	0.004665629860031105	0.18181818181818185	0.1	0.004675628287551139	0.0005367686527106817	0.013550135501355014	0.0	0.018072289156626502	0.0	0.04375
0.037383177570093455	0.00586756077116513	0.11366245694603905	0.14909090909090908	0.03741258741258741	0.0	0.3140495867768595	0.03636363636363636	0.007597895967270602	0.059044551798174985	0.03252032520325203	0.0	0.0321285140562249	1.0	0.0
0.0	0.0	0.11021814006888632	0.1012987012987013	0.0	0.0	0.19834710743801653	0.0	0.35184102863822325	0.08105206655931294	0.07588075880758807	0.0	0.03614457831325301	0.34624697336561744	0.0
0.0	0.0	0.0	0.5698701298701299	0.0	0.0	0.1900826446280992	0.0	0.20981881940385735	0.11486849168008588	0.0	0.05381165919282512	0.0	0.0	0.0
0.0	0.0016764459346186086	0.03673938002296211	0.11012987012987012	0.0	0.0	0.14049586776859505	0.0	0.008766803039158387	0.19699409554482014	0.002710027100271003	0.0	0.008032128514056224	0.0024213075060532693	0.037500000000000006
0.0	0.0	0.0	0.014025974025974023	0.0	0.0	0.0	0.0	0.0005844535359438924	0.0021470746108427268	0.0	0.0	0.8554216867469878	0.007263922518159807	0.0
0.0	0.0	0.016073478760045924	0.006233766233766235	1.0	0.0	0.08264462809917356	0.0	0.0	0.016639828234031134	0.15447154471544716	0.07174887892376683	0.028112449799196783	0.3220338983050848	0.0
0.18691588785046728	0.6026823134953898	0.025258323765786454	0.0005194805194805195	0.005244755244755245	0.04354587869362364	0.2727272727272727	0.0	0.0	0.5942028985507246	0.0	0.0	0.026104417670682733	0.0024213075060532693	0.0
0.0	0.0	0.0	0.0	0.0	0.0	0.09090909090909093	0.00909090909090909	0.0309760374050263	0.4664519592055824	0.0	0.0	0.1867469879518072	0.0	0.00625
0.0	0.0	0.338691159586682	0.0	0.0	0.0	0.008264462809917356	0.0	0.06370543541788427	0.015566290928609769	0.5447154471544715	0.0	0.002008032128514056	0.0024213075060532693	0.025
0.0	0.0	0.0746268656716418	0.017662337662337664	0.0	0.0	0.0	0.0	0.006428988895382817	0.0	0.016260162601626015	0.0	0.002008032128514056	0.046004842615012115	0.0
0.0	0.0	0.03673938002296211	0.029090909090909087	0.012237762237762238	0.0	0.0	0.0	0.014026884862653416	0.09286097691894793	0.002710027100271003	0.13004484304932734	0.0	0.021791767554479417	0.0
0.0	0.0	0.0	0.0851948051948052	0.0	0.0	0.0	0.06363636363636363	0.4558737580362361	0.0	0.0054200542005420045	0.0	0.0	0.0024213075060532693	0.0125
0.0	0.0	0.5373134328358209	0.0	0.0	0.0	0.10743801652892562	0.0	0.004675628287551139	0.1084272678475577	0.0	0.19282511210762326	0.0	0.0	0.00625
0.0	0.0	0.10218140068886336	0.09402597402597404	0.0	0.0	0.0	0.0	0.0005844535359438924	0.07997852925389158	0.2086720867208672	0.09865470852017937	0.0	0.14043583535108958	0.00625
0.0	0.0	0.6567164179104478	0.08571428571428573	0.017482517482517484	0.0	0.0	0.0	0.009935710111046173	0.107890499194847	0.12466124661246612	0.0	0.4216867469879518	0.1549636803874092	0.0
0.0	0.8432523051131601	0.03214695752009185	0.001038961038961039	0.0	0.12752721617418353	0.1487603305785124	1.0	0.0	0.0	0.002710027100271003	0.0	0.028112449799196783	0.0024213075060532693	0.1375
0.0	0.0	0.001148105625717566	0.0005194805194805195	0.0006993006993006992	0.0	0.0	0.0	0.0	0.004830917874396135	0.0	0.0	0.21686746987951805	0.0	1.0
0.0	0.0	0.0	0.0	0.0	0.0	0.21487603305785125	0.0	0.3278784336645236	0.2871712292002147	0.0	0.0	0.03413654618473895	0.0	0.00625
0.0	0.0	0.11940298507462685	0.016623376623376623	0.0	0.0	0.033057851239669415	0.0	0.012273524254821741	0.020397208803005905	0.3848238482384824	0.0	0.0	0.004842615012106539	0.0
0.0	0.0	0.025258323765786454	0.0	0.00034965034965034965	0.0	0.016528925619834708	0.0	0.052016364699006425	0.28556092324208265	0.0	0.0	0.008032128514056224	0.0	0.0
0.0	0.0	0.1320321469575201	0.001038961038961039	0.0	0.0	0.0	0.0	0.011104617182933957	0.14761137949543746	0.06504065040650406	0.004484304932735426	0.0	0.0	0.0125
0.0	0.0016764459346186086	0.0	0.0005194805194805195	0.0	0.0	0.0	0.0	0.030391583869082407	0.31239935587761675	0.0	0.0	0.01004016064257028	0.0	0.0
0.0	0.0016764459346186086	0.1148105625717566	0.002077922077922078	0.0	0.0	0.0	0.0	0.043834015195791935	0.2318840579710145	0.986449864498645	0.0	0.0	0.004842615012106539	0.0
0.0	0.0	0.03788748564867968	0.3251948051948052	0.0	0.0	0.0	0.0	0.11163062536528344	0.14224369296833064	0.03252032520325203	0.0	0.026104417670682733	0.05569007263922519	0.00625
0.0	0.0	0.001148105625717566	0.0	0.0	0.0	0.2231404958677686	0.0	0.015195791934541203	0.08051529790660225	0.0	0.0	0.022088353413654616	0.0	0.0125
0.0	0.0	0.024110218140068886	0.0005194805194805195	0.0	0.0	0.3140495867768595	0.0	0.011104617182933957	0.13097155126140633	0.23035230352303526	0.0	0.002008032128514056	0.03389830508474576	0.018750000000000003
0.018691588785046728	0.057837384744342	0.9150401836969	0.2005194805194805	0.0	0.017107309486780714	0.19834710743801653	0.03636363636363636	0.0017533606078316774	0.2055823939881911	0.05691056910569105	0.0	0.03614457831325301	0.08232445520581114	0.0
0.0	0.0	0.018369690011481057	0.0	0.0	0.0	0.0	0.0	0.01636469900642899	0.21900161030595813	0.043360433604336036	0.0	0.09839357429718874	0.0	0.0
0.0	0.0	0.0	0.0	0.0017482517482517485	0.0	0.1487603305785124	0.0	0.0	0.0005367686527106817	0.2845528455284553	0.0	0.0	0.414043583535109	0.18125
0.0	0.0	0.0	0.0005194805194805195	0.02097902097902098	0.0	0.19834710743801653	0.0	0.019871420222092345	0.18035426731078905	0.008130081300813006	0.07623318385650224	0.002008032128514056	0.0024213075060532693	0.00625
0.308411214953271	0.040234702430846606	0.013777267508610792	0.22545454545454546	0.0	0.0077760497667185065	0.14049586776859505	0.15454545454545454	0.014611338398597313	0.16586151368760066	0.0	0.0	0.0	0.007263922518159807	0.0
0.0	0.0	0.08610792192881746	0.0	0.0	0.0	0.0	0.0	0.0005844535359438924	0.0381105743424584	0.4146341463414634	0.0	0.0	0.0	0.0
0.0	0.0	0.21699196326062	0.0005194805194805195	0.002097902097902098	0.0	0.0	0.0	0.0005844535359438924	0.028985507246376805	0.14634146341463414	0.0	0.0321285140562249	0.04116222760290557	0.11875
0.009345794392523364	0.003352891869237217	0.019517795637198618	0.02025974025974026	0.0	0.0	0.1322314049586777	0.0	0.0023378141437755697	0.1202361782071927	0.06504065040650406	0.37668161434977576	0.0	0.04842615012106538	0.0125
0.0	0.0	0.00574052812858783	0.2415584415584416	0.0	0.0	0.05785123966942149	0.00909090909090909	0.15488018702513148	0.08480944712828771	0.0054200542005420045	0.06726457399103139	0.01606425702811245	0.012106537530266344	0.0
0.0	0.0	0.0	0.0	0.0	0.0	0.033057851239669415	0.0	0.0005844535359438924	0.22436929683306492	0.3035230352303523	0.0	0.0	0.0	0.0125
0.018691588785046728	0.0	0.042479908151549936	0.1677922077922078	0.0	0.0	0.1487603305785124	0.44545454545454544	0.35885447106954993	0.07246376811594203	0.037940379403794036	0.0	0.018072289156626502	0.0024213075060532693	0.00625
0.0	0.0	0.025258323765786454	0.028571428571428567	0.0	0.0	0.0	0.0	0.08123904149620105	0.14546430488459475	0.0054200542005420045	0.017937219730941704	0.04417670682730923	0.0	0.0
0.0	0.0	0.10907003444316878	0.0	0.0	0.0	0.1652892561983471	0.0	0.04792518994739918	0.0440150295222759	0.13008130081300812	0.004484304932735426	0.008032128514056224	0.01937046004842615	0.0
0.05607476635514018	0.0008382229673093043	0.03329506314580941	0.02649350649350649	0.0	0.013996889580093312	0.2231404958677686	0.01818181818181818	0.0	0.019860440150295224	0.03252032520325203	0.008968609865470852	0.03614457831325301	0.014527845036319613	0.00625
0.0	0.0	0.051664753157290466	0.0903896103896104	0.030419580419580417	0.0	0.2231404958677686	0.0	0.5698421975452951	0.14439076757917338	0.3333333333333333	0.34977578475336324	0.002008032128514056	0.01937046004842615	0.0125
0.0	0.0	0.6785304247990815	0.0	0.0	0.0	0.3884297520661157	0.0	0.02104032729398013	0.1846484165324745	0.0054200542005420045	0.022421524663677132	0.0	0.05569007263922519	0.00625
0.0	0.0	0.058553386911595874	0.0	0.0	0.0	0.0	0.0	0.010520163646990065	0.041331186258722494	0.06504065040650406	0.03139013452914798	0.002008032128514056	0.012106537530266344	0.0
0.27102803738317754	0.08298407376362113	0.043628013777267514	0.0	0.0	0.013996889580093312	0.1652892561983471	0.12727272727272726	0.00935125657510228	0.020397208803005905	0.16802168021680214	0.01345291479820628	0.08835341365461846	0.0	0.14375000000000002
0.009345794392523364	0.0	0.042479908151549936	0.03272727272727273	0.2111888111888112	0.0	0.0	0.0	0.005260081823495032	0.04079441760601181	0.2899728997289973	0.008968609865470852	0.08634538152610441	0.014527845036319613	0.0
0.0	0.0	0.00574052812858783	0.26701298701298704	0.0013986013986013984	0.0	0.0	0.0	0.0011689070718877848	0.4057971014492754	0.0054200542005420045	0.3004484304932735	0.0	0.0024213075060532693	0.00625
0.0	0.0	0.0	0.0005194805194805195	0.0	0.0	0.0	0.00909090909090909	0.14962010520163646	0.0005367686527106817	0.0	0.035874439461883414	0.008032128514056224	0.0	0.037500000000000006
0.0	0.05616093880972338	0.1871412169919633	0.07012987012987013	0.0	0.041990668740279936	0.09917355371900828	0.0	0.00935125657510228	0.05475040257648953	0.13550135501355012	0.0	0.002008032128514056	0.0	0.0
0.0	0.0	0.1251435132032147	0.032207792207792206	0.0	0.0	0.008264462809917356	0.0	0.039158386908240785	0.2555018786902845	0.17344173441734415	0.06726457399103139	0.07429718875502007	0.0	0.0
0.018691588785046728	0.0	0.002296211251435132	0.0	0.0	0.0	0.11570247933884298	0.0	0.10578609000584452	0.1991411701556629	0.0	0.0	0.002008032128514056	0.004842615012106539	0.0
0.0	0.0	0.21125143513203212	0.07688311688311689	0.0	0.0	0.18181818181818185	0.0	0.0005844535359438924	0.13526570048309178	0.002710027100271003	0.0	0.008032128514056224	0.0387409200968523	0.0
0.0	0.0	0.002296211251435132	0.05246753246753247	0.0006993006993006992	0.0	0.0	0.0	0.009935710111046173	0.026838432635534086	0.03523035230352303	0.0	0.030120481927710836	0.02663438256658596	0.0125
0.0	0.0	0.0	0.0005194805194805195	0.0	0.0	0.0	0.0	0.0070134424313267095	0.1583467525496511	0.010840108401084009	0.0	0.0	0.0	0.0
0.0	0.0	0.14695752009184845	0.0	0.0	0.0	0.05785123966942149	0.0	0.04208065458796025	0.04777241009125067	0.008130081300813006	0.07174887892376683	0.002008032128514056	0.0	0.00625
0.0	0.0	0.060849598163030996	0.14545454545454545	0.0	0.0	0.0	0.0	0.2612507305669199	0.1873322597960279	0.05691056910569105	0.0	0.16265060240963855	0.014527845036319613	0.0
0.0	0.0	0.5200918484500574	0.0	0.0	0.0	0.33884297520661155	0.0	0.02104032729398013	0.225979602791197	0.0	0.0	0.004016064257028112	0.0	0.0125
0.0	0.0	0.31802525832376577	0.3672727272727273	0.0	0.0	0.19834710743801653	0.0	0.0011689070718877848	0.14170692431561996	0.5420054200542005	0.0	0.0	0.0	0.0
0.0	0.0016764459346186086	0.001148105625717566	0.0005194805194805195	0.0	0.0	0.19834710743801653	0.0	0.0309760374050263	0.005367686527106817	0.11382113821138212	0.14798206278026907	0.046184738955823285	0.05326876513317192	0.14375000000000002
0.0	0.0	0.012629161882893229	0.1444155844155844	0.0	0.0	0.0	0.0	0.163062536528346	0.05528717122920022	0.002710027100271003	0.3408071748878924	0.01004016064257028	0.3656174334140436	0.0
0.0	0.0	0.0	0.0	0.0	0.0	0.3057851239669421	0.0	0.0	0.0005367686527106817	0.5392953929539296	0.0	0.0	0.7191283292978209	0.0
0.0	0.0	0.13662456946039034	0.1251948051948052	0.0	0.0	0.0	0.0	0.004675628287551139	0.0010735373054213634	0.0	0.0	0.0	0.007263922518159807	0.0
0.0	0.0	0.001148105625717566	0.1012987012987013	0.0	0.0	0.0	0.0	0.009935710111046173	0.0	0.013550135501355014	0.0	0.01004016064257028	0.029055690072639227	0.0125
0.308411214953271	0.0	0.12973593570608494	0.5012987012987012	0.3076923076923077	0.0	0.3140495867768595	0.0	0.0035067212156633548	0.2619431025228127	0.0948509485094851	0.0	0.0	0.04116222760290557	0.0
0.0	0.0	0.21010332950631455	0.045714285714285714	0.0	0.0	0.0	0.0	0.05084745762711864	0.13687600644122386	0.4417344173441735	0.04932735426008968	0.012048192771084336	0.0774818401937046	0.0
0.08411214953271028	0.20704107292539814	0.18828932261768086	0.03324675324675325	0.0	0.15085536547433906	0.25619834710743805	0.054545454545454536	0.031560490940970194	0.25925925925925924	0.07859078590785908	0.008968609865470852	0.0	0.2324455205811138	0.0
0.0	0.0	0.0677382319173364	0.06597402597402598	0.0	0.0	0.3636363636363637	0.0	0.0035067212156633548	0.04508856682769726	0.05691056910569105	0.0	0.002008032128514056	0.01937046004842615	0.0
0.0	0.0	0.23191733639494835	0.0	0.001048951048951049	0.0	0.2975206611570248	0.0	0.0011689070718877848	0.059581320450885676	0.07317073170731707	0.0	0.01004016064257028	0.012106537530266344	0.03125
0.0	0.0	0.16647531572904709	0.0005194805194805195	0.0	0.0	0.2975206611570248	0.0	0.005844535359438925	0.14492753623188406	0.002710027100271003	0.19282511210762326	0.1686746987951807	0.0024213075060532693	0.0
0.009345794392523364	0.0	0.05625717566016074	0.0212987012987013	0.0	0.0	0.0	0.0	0.1537112799532437	0.07514761137949544	0.15176151761517614	0.07623318385650224	0.018072289156626502	0.09443099273607747	0.0
0.0	0.0	0.034443168771526984	0.3392207792207792	0.0	0.0	0.1322314049586777	0.0	0.005844535359438925	0.3311862587224906	0.010840108401084009	0.17937219730941706	0.0321285140562249	0.0	0.00625
0.0	0.0	0.002296211251435132	0.2145454545454545	0.0	0.0	0.0	0.0	0.18118059614260665	0.005367686527106817	0.024390243902439025	0.0	0.13052208835341364	0.007263922518159807	0.00625
0.0	0.0	0.3880597014925373	0.0005194805194805195	0.0	0.0	0.0	0.0	0.023378141437755698	0.0005367686527106817	0.0	0.0	0.008032128514056224	0.0	0.05
0.0	0.0	0.1584385763490241	0.3750649350649351	0.00034965034965034965	0.0	0.0	0.0	0.02104032729398013	0.1932367149758454	0.4823848238482385	0.0	0.008032128514056224	0.0	0.0
0.0	0.0	0.18484500574052812	0.0	0.00034965034965034965	0.0015552099533437016	0.10743801652892562	0.0	0.011104617182933957	0.09232420826623723	0.21138211382113825	0.0	0.024096385542168672	0.26150121065375304	0.08125
0.0	0.0	0.0	0.04675324675324676	0.0	0.0	0.0	0.0	0.023378141437755698	0.0010735373054213634	0.0	0.0	0.022088353413654616	0.0	0.018750000000000003
0.0	0.0	0.0	0.0	0.0	0.0	0.0	0.0	0.024547048509643482	0.0	0.013550135501355014	0.0	0.01606425702811245	0.0	0.018750000000000003
0.0	0.0	0.018369690011481057	0.0	0.0	0.0	0.0	0.0	0.024547048509643482	0.0	0.16531165311653118	0.0	0.0	0.0	0.0125
0.5233644859813084	0.0	0.5223880597014926	0.7651948051948052	0.0	0.0	0.2644628099173554	0.07272727272727272	0.3991817650496785	0.23671497584541065	0.0	0.0	0.002008032128514056	0.04116222760290557	0.0
0.0	0.0	0.15614236509758894	0.17142857142857146	0.0	0.0	0.016528925619834708	0.0	0.042665108123904144	0.18411164787976386	0.0	0.0	0.030120481927710836	0.0	0.0125
0.0	0.0	0.6371986222732492	0.0	0.0	0.0	0.0	0.0	0.0011689070718877848	0.03757380568974772	0.021680216802168018	0.0	0.004016064257028112	0.0	0.025
0.0	0.0	0.09873708381171067	1.0	0.0	0.0	0.4545454545454546	0.0	0.052016364699006425	0.055823939881910895	0.0	0.0	0.008032128514056224	0.0	0.037500000000000006
0.0	0.0	0.1251435132032147	0.17454545454545456	0.0	0.0	0.0743801652892562	0.0	0.030391583869082407	0.15619967793880835	0.0	0.0	0.004016064257028112	0.009685230024213077	0.0125
0.0	0.0	0.001148105625717566	0.0	0.0006993006993006992	0.0	0.19834710743801653	0.0	0.0011689070718877848	0.0005367686527106817	0.33062330623306235	0.16591928251121074	0.0	0.01694915254237288	0.00625
0.0	0.0	0.1182548794489093	0.1807792207792208	0.0006993006993006992	0.0	0.0	0.0	0.0011689070718877848	0.0794417606011809	0.25474254742547425	0.0	0.22690763052208834	0.009685230024213077	0.0
0.0	0.0	0.008036739380022962	0.0005194805194805195	0.0	0.0	0.0	0.0	0.02104032729398013	0.08427267847557703	0.03252032520325203	0.14798206278026907	0.052208835341365466	0.014527845036319613	0.0125
0.0	0.0	0.1871412169919633	0.0	0.0	0.0	0.39669421487603307	0.0	0.005260081823495032	0.416532474503489	0.0	0.008968609865470852	0.022088353413654616	0.3728813559322034	0.0
0.0	0.0	0.14580941446613088	0.025454545454545452	0.0	0.0	0.2231404958677686	0.03636363636363636	0.01694915254237288	0.060654857756307023	0.08130081300813008	0.23318385650224216	0.0	0.004842615012106539	0.1625
0.0	0.0	0.003444316877152698	0.0	0.0	0.0	0.4380165289256198	0.0	0.07539450613676213	0.0005367686527106817	0.05691056910569105	0.0	0.006024096385542168	0.0	0.025
0.0	0.0	0.06888633754305397	0.05350649350649351	0.0006993006993006992	0.0	0.1322314049586777	0.0	0.08007013442431328	0.10950080515297908	0.12737127371273713	0.07623318385650224	0.014056224899598391	0.01937046004842615	0.018750000000000003
0.0	0.0	0.16762342135476466	0.03064935064935065	0.0	0.0	0.0	0.0	0.1163062536528346	0.0021470746108427268	0.16531165311653118	0.0	0.004016064257028112	0.0024213075060532693	0.00625
0.0	0.0016764459346186086	0.09873708381171067	0.227012987012987	0.0	0.0	0.0	0.0	0.02396259497369959	0.1728395061728395	0.04878048780487805	0.017937219730941704	0.0	0.1162227602905569	0.0
0.0	0.00586756077116513	0.03329506314580941	0.4483116883116883	0.0	0.0	0.0	0.0	0.10169491525423728	0.1320450885668277	0.016260162601626015	0.0	0.0	0.02663438256658596	0.0
0.037383177570093455	0.0	0.03788748564867968	0.001038961038961039	0.0	0.0	0.04132231404958678	0.0	0.02104032729398013	0.2619431025228127	0.17073170731707318	0.0	0.006024096385542168	0.0	0.0
0.0	0.0008382229673093043	0.004592422502870264	0.001038961038961039	0.0	0.0	0.0	0.0	0.17592051431911165	0.20987654320987653	0.04065040650406504	0.017937219730941704	0.0	0.0	0.0
0.0	0.0	0.0	0.0	0.0	0.0	0.0	0.00909090909090909	0.007597895967270602	0.0016103059581320449	0.0	0.0	0.0	0.0	0.0
0.2616822429906542	0.019279128248114	0.1859931113662457	0.28935064935064936	0.0	0.01088646967340591	0.0	0.045454545454545456	0.01870251315020456	0.042404723564143855	0.010840108401084009	0.008968609865470852	0.214859437751004	0.0	0.018750000000000003
0.009345794392523364	0.0008382229673093043	0.051664753157290466	0.16	0.00034965034965034965	0.0	0.21487603305785125	0.0	0.0005844535359438924	0.05314009661835749	0.016260162601626015	0.06726457399103139	0.0	0.19128329297820826	0.0
0.7102803738317757	0.2305113160100587	0.003444316877152698	0.15116883116883115	0.0	0.0	0.1487603305785124	0.2818181818181818	0.0035067212156633548	0.0042941492216854536	0.010840108401084009	0.0	0.026104417670682733	0.05811138014527845	0.05625
0.0	0.0	0.02296211251435132	0.0	0.0	0.0	0.0	0.0	0.008766803039158387	0.011272141706924315	0.0	0.022421524663677132	0.1224899598393574	0.0	0.0
0.0	0.0	0.2743972445464983	0.012987012987012988	0.0	0.0	0.0	0.0	0.0023378141437755697	0.01878690284487386	0.07046070460704608	0.07174887892376683	0.01004016064257028	0.08232445520581114	0.0
0.0	0.0	0.2801377726750861	0.0005194805194805195	0.0	0.0	0.0	0.0	0.011689070718877849	0.050993022007514766	0.008130081300813006	0.07623318385650224	0.02008032128514056	0.014527845036319613	0.0
0.0	0.0	0.02985074626865672	0.03064935064935065	0.0	0.0	0.0	0.0	1.0	0.10413311862587224	0.4010840108401084	0.008968609865470852	0.026104417670682733	0.004842615012106539	0.0
0.0	0.0	0.04477611940298508	0.11792207792207793	0.0	0.0	0.2644628099173554	0.0	0.05902980713033314	0.08051529790660225	0.002710027100271003	0.0	0.056224899598393566	0.01937046004842615	0.0
0.0	0.0	0.039035591274397236	0.004675324675324675	0.0	0.0	0.2066115702479339	0.0	0.0005844535359438924	0.03435319377348363	0.018970189701897015	0.0	0.0	0.26150121065375304	0.0125
0.0	0.0	0.10562571756601608	0.1148051948051948	0.0	0.0	0.11570247933884298	0.0	0.02104032729398013	0.10305958132045087	0.22493224932249326	0.0	0.2991967871485943	0.009685230024213077	0.0
0.0	0.0	0.0	0.2753246753246753	0.0	0.0	0.4958677685950413	0.0	0.1396843950905903	0.12721417069243154	0.0	0.0	0.002008032128514056	0.014527845036319613	0.0
0.0	0.0	0.0	0.001038961038961039	0.0	0.0	0.3884297520661157	0.0	0.009935710111046173	0.2624798711755233	0.0	0.2690582959641256	0.012048192771084336	0.0	0.0
0.0	0.006705783738474434	0.2617680826636051	0.13818181818181818	0.0	0.0	0.19834710743801653	0.0	0.027469316189362943	0.07192699946323135	0.08943089430894309	0.0	0.3714859437751004	0.01937046004842615	0.0125
0.0	0.0	0.043628013777267514	0.05090909090909091	0.0	0.0	0.12396694214876032	0.0	0.007597895967270602	0.07783145464304883	0.2953929539295393	0.17488789237668162	0.0	0.0	0.0
0.0	0.0	0.010332950631458095	0.08363636363636362	0.0	0.0	0.0	0.0	0.01928696668614845	0.12184648416532474	0.0921409214092141	0.0	0.0	0.021791767554479417	0.0
0.0	0.0	0.04477611940298508	0.0	0.0	0.0	0.04958677685950413	0.0	0.01928696668614845	0.01610305958132045	0.002710027100271003	0.7847533632286995	0.006024096385542168	0.0	0.0125
0.0	0.0	0.09644087256027556	0.01090909090909091	0.0	0.0	0.33884297520661155	0.0	0.005844535359438925	0.1782071926999463	0.018970189701897015	0.0	0.018072289156626502	0.24697336561743344	0.025
0.0	0.0	0.06544202066590127	0.13662337662337662	0.0	0.0	0.1900826446280992	0.0	0.08240794856808882	0.19860440150295225	0.04065040650406504	0.0	0.6365461847389557	0.06537530266343826	0.0
0.0	0.0	0.0	0.0	0.0	0.0	0.0	0.0	0.010520163646990065	0.0005367686527106817	0.0	0.0	0.0	0.004842615012106539	0.0
0.0	0.0	0.001148105625717566	0.3038961038961039	0.0	0.0	0.33884297520661155	0.0	0.13208649912331968	0.237788513150832	0.010840108401084009	0.0	0.0	0.5084745762711864	0.00625
0.0	0.0	0.01148105625717566	0.12623376623376625	0.0	0.0	0.0	0.0	0.004091174751607247	0.1583467525496511	0.16260162601626016	0.008968609865470852	0.0	0.06779661016949153	0.0
0.0	0.0008382229673093043	0.0	0.0	0.0	0.0	0.04132231404958678	0.0	0.004091174751607247	0.02200751476113795	0.0	0.04932735426008968	0.0	0.0	0.0
0.0	0.0	0.01492537313432836	0.0	0.0	0.0	0.0	0.0	0.01870251315020456	0.2082662372517445	0.34688346883468835	0.0	0.002008032128514056	0.029055690072639227	0.0
0.0	0.0	0.10332950631458096	0.0015584415584415587	0.0	0.0	0.06611570247933883	0.0	0.004091174751607247	0.05689747718733226	0.5636856368563685	0.0	0.0	0.0	0.018750000000000003
0.02803738317757009	0.10226320201173512	0.01492537313432836	0.05506493506493507	0.0	0.03265940902021773	0.06611570247933883	0.00909090909090909	0.0	0.04079441760601181	0.029810298102981032	0.0	0.0	0.060532687651331726	0.14375000000000002
0.0	0.0	0.21239954075774967	0.06493506493506493	0.0	0.0	0.0	0.0	0.039158386908240785	0.13633923778851315	0.4146341463414634	0.0	0.028112449799196783	0.004842615012106539	0.0
0.0	0.0	0.02296211251435132	0.002597402597402597	0.019230769230769232	0.0	0.3057851239669421	0.0	0.0017533606078316774	0.1846484165324745	0.008130081300813006	0.022421524663677132	0.006024096385542168	0.02421307506053269	0.0
0.0	0.0	0.0	0.08935064935064935	0.0	0.0	0.12396694214876032	0.0	0.04149620105201636	0.31239935587761675	0.0	0.0	0.0	0.009685230024213077	0.0
0.0	0.06705783738474434	0.008036739380022962	0.0425974025974026	0.0	0.0	0.0	0.0	0.0	0.003757380568974772	0.021680216802168018	0.008968609865470852	0.0	0.029055690072639227	0.0
0.0	0.0	0.6991963260619978	0.0005194805194805195	0.0	0.0	0.0	0.0	0.006428988895382817	0.0	0.0	0.0	0.0	0.0	0.0
0.0	0.0	0.008036739380022962	0.002077922077922078	0.00034965034965034965	0.0	0.0	0.0	0.01928696668614845	0.08910359634997315	0.0	0.0	0.008032128514056224	0.0	0.00625
0.0	0.0	0.001148105625717566	0.001038961038961039	0.0	0.0	0.14049586776859505	0.20909090909090908	0.0023378141437755697	0.2887815351583468	0.027100271002710032	0.0	0.03614457831325301	0.0	0.05
0.0	0.0008382229673093043	0.0	0.0	0.0	0.0	0.0	0.0	0.08240794856808882	0.16747181964573268	0.03523035230352303	0.0	0.008032128514056224	0.036319612590799036	0.0125
0.0	0.010058675607711651	0.0	0.0	0.0	0.0	0.0	0.0	0.0005844535359438924	0.06870638754696726	0.5907859078590786	0.0	0.0	0.14527845036319614	0.0
0.0	0.0	0.26980482204362805	0.0722077922077922	0.03636363636363636	0.0	0.2231404958677686	0.0	0.02863822326125073	0.13902308105206654	0.14905149051490515	0.07174887892376683	0.0	0.05811138014527845	0.00625
0.0	0.0	0.034443168771526984	0.08051948051948052	0.0	0.0	0.10743801652892562	0.0	0.04850964348334307	0.11594202898550725	0.07859078590785908	0.004484304932735426	0.1184738955823293	0.0	0.0
0.0	0.0008382229673093043	0.14006888633754305	0.132987012987013	0.0	0.0	0.6611570247933884	0.0	0.014026884862653416	0.06548577563070318	0.021680216802168018	0.004484304932735426	0.0	0.0	0.0
0.0	0.0	0.09184845005740527	0.01090909090909091	0.0	0.0	0.11570247933884298	0.0	0.01694915254237288	0.1266774020397209	0.10840108401084013	0.0	0.0	0.08232445520581114	0.018750000000000003
0.0	0.0	0.04936854190585534	0.07272727272727272	0.0	0.0	0.0	0.00909090909090909	0.0035067212156633548	0.10628019323671498	0.1815718157181572	0.008968609865470852	0.024096385542168672	0.004842615012106539	0.0
0.0	0.0	0.013777267508610792	0.05246753246753247	0.0	0.0	0.0	0.0	0.06253652834599649	0.031132581857219538	0.1815718157181572	0.0	0.0	0.0	0.0
0.0	0.0	0.0539609644087256	0.0005194805194805195	0.0	0.0	0.02479338842975207	0.0	0.02396259497369959	0.061728395061728385	0.002710027100271003	0.07623318385650224	0.0	0.0	0.0
0.0	0.0	0.2743972445464983	0.0612987012987013	0.0	0.0	0.0	0.0	0.025715955581531263	0.4353193773483629	0.0	0.0	0.002008032128514056	0.0	0.0
0.0	0.0	0.2571756601607348	0.054025974025974026	0.0	0.0	0.0	0.0	0.054938632378725885	0.0933977455716586	0.07588075880758807	0.0	0.008032128514056224	0.014527845036319613	0.018750000000000003
0.0	0.0	0.15269804822043628	0.015064935064935066	0.0	0.0	0.0	0.0	0.4412624196376388	0.09822866344605476	0.008130081300813006	0.0	0.0	0.07506053268765134	0.0
0.0	0.0	0.03329506314580941	0.19064935064935065	0.0	0.0	0.4710743801652893	0.0	0.015780245470485097	0.05689747718733226	0.12466124661246612	0.0	0.012048192771084336	0.009685230024213077	0.00625
0.0	0.0	0.09873708381171067	0.10181818181818182	0.0916083916083916	0.0	0.0	0.0	0.03448275862068965	0.044551798174986584	0.2032520325203252	0.008968609865470852	0.0	0.012106537530266344	0.0
0.0	0.0	0.016073478760045924	0.0	0.0	0.0	0.008264462809917356	0.0	0.010520163646990065	0.09232420826623723	0.17344173441734415	0.0	0.06024096385542167	0.0	0.03125
0.0	0.0008382229673093043	0.04133180252583238	0.012987012987012988	0.0	0.0	0.2066115702479339	0.0	0.0	0.12775093934514226	0.016260162601626015	0.0	0.0	0.009685230024213077	0.05
0.009345794392523364	0.002514668901927913	0.009184845005740528	0.0015584415584415587	0.0	0.0	0.4297520661157025	0.01818181818181818	0.0011689070718877848	0.01610305958132045	0.002710027100271003	0.0	0.01606425702811245	0.01694915254237288	0.3875
0.0	0.0	0.18828932261768086	0.4176623376623377	0.0	0.0	0.4462809917355372	0.0	0.1075394506136762	0.07300053676865273	0.043360433604336036	0.0	0.0321285140562249	0.14285714285714288	0.03125
0.12149532710280372	0.013411567476948869	0.0	0.0005194805194805195	0.0	0.0	0.12396694214876032	0.44545454545454544	0.0005844535359438924	0.06655931293612452	0.24932249322493225	0.0	0.046184738955823285	0.0	0.15625
0.0	0.0	0.16991963260619974	0.0	0.0	0.0	0.0	0.0	0.052016364699006425	0.3344068706387547	0.21138211382113825	0.02690582959641256	0.0	0.0024213075060532693	0.0
0.0	0.0	0.001148105625717566	0.11792207792207793	0.0	0.0	0.21487603305785125	0.0	0.06253652834599649	0.3252818035426731	0.002710027100271003	0.0	0.0	0.0	0.0
0.0	0.0	0.0	0.0	0.00034965034965034965	0.0	0.0	0.00909090909090909	0.00935125657510228	0.13633923778851315	0.002710027100271003	0.0	0.0	0.5907990314769976	0.00625
0.0	0.0	0.001148105625717566	0.022337662337662337	0.0	0.0	0.15702479338842976	0.0	0.0	0.0005367686527106817	0.0	0.0	0.006024096385542168	0.014527845036319613	0.1625
0.0	0.0	0.002296211251435132	0.0	0.0	0.0	0.08264462809917356	0.0	0.012273524254821741	0.0	0.0	0.0	0.0	0.0	0.025
0.0	0.0	0.0	0.0	0.0	0.0	0.0	0.0	0.1227352425482174	0.0042941492216854536	0.002710027100271003	0.0	0.012048192771084336	0.0	0.0
0.0	0.0	0.0	0.1548051948051948	0.0	0.0	0.0	0.0	0.053185271770894216	0.06602254428341385	0.1002710027100271	0.14349775784753366	0.012048192771084336	0.2929782082324455	0.06875
0.0	0.0	0.04018369690011482	0.3412987012987013	0.0	0.0	0.0	0.0	0.014026884862653416	1.0	0.0	0.0	0.0	0.0	0.0
0.018691588785046728	0.057837384744342	0.25258323765786456	0.005714285714285714	0.18426573426573425	0.00933125972006221	0.3140495867768595	0.0	0.0011689070718877848	0.166935050993022	0.054200542005420065	0.02690582959641256	0.0	0.060532687651331726	0.0
0.0	0.0	0.23536165327210104	0.4883116883116883	0.0	0.0	0.0	0.0	0.019871420222092345	0.32742887815351585	0.010840108401084009	0.0	0.004016064257028112	0.004842615012106539	0.0
0.09345794392523364	0.0	0.08151549942594719	0.03116883116883117	0.0	0.0	0.0	0.03636363636363636	0.0	0.0703166935050993	0.04607046070460705	0.01345291479820628	0.006024096385542168	0.13317191283292978	0.0
0.0	0.0	0.18828932261768086	0.0	0.0	0.0	0.17355371900826447	0.0	0.020455873758036237	0.1497584541062802	0.021680216802168018	1.0	0.0	0.08474576271186443	0.0
0.0	0.0	0.0	0.18493506493506487	0.0	0.0	0.1652892561983471	0.0	0.01870251315020456	0.0	1.0	0.0	0.0	0.05084745762711865	0.0
0.0	0.0	0.0	0.0	0.0	0.0	0.9834710743801652	0.0	0.04500292226767972	0.0005367686527106817	0.008130081300813006	0.0	0.012048192771084336	0.4067796610169492	0.0125
0.0	0.0	0.07692307692307693	0.07896103896103895	0.0	0.0	0.0	0.0	0.0023378141437755697	0.0880300590445518	0.06775067750677506	0.035874439461883414	0.03815261044176706	0.04842615012106538	0.0
0.0	0.0	0.0	0.16207792207792207	0.0	0.0	0.2396694214876033	0.0	0.008766803039158387	0.0	0.0	0.24215246636771304	0.02008032128514056	0.0024213075060532693	0.018750000000000003
0.0	0.0	0.09184845005740527	0.2451948051948052	0.0	0.0	0.0	0.0	0.024547048509643482	0.1610305958132045	0.04607046070460705	0.0	0.2710843373493976	0.0	0.00625
0.0	0.0008382229673093043	0.14351320321469574	0.06233766233766234	0.0	0.0	0.19834710743801653	0.0	0.0	0.10091250670960816	0.0054200542005420045	0.0	0.0	0.1162227602905569	0.018750000000000003
0.0	0.0	0.0677382319173364	0.12155844155844155	0.002097902097902098	0.0	0.0	0.0	0.017533606078316773	0.08964036500268384	0.051490514905149054	0.004484304932735426	0.12048192771084335	0.19854721549636808	0.0
0.0	0.0	0.25487944890929964	0.0	0.0	0.0	0.05785123966942149	0.0	0.0017533606078316774	0.018250134192163182	0.021680216802168018	0.0	0.0	0.009685230024213077	0.0
0.0	0.0008382229673093043	0.12055109070034445	0.10077922077922076	0.0	0.0	0.0	0.0	0.008766803039158387	0.011808910359634998	0.08401084010840107	0.01345291479820628	0.002008032128514056	0.03389830508474576	0.04375
0.0	0.0	0.05625717566016074	0.0	0.0	0.0	0.04958677685950413	0.0	0.011104617182933957	0.03488996242619431	0.027100271002710032	0.08071748878923768	0.0	0.0	0.025
0.0	0.0	0.12399540757749715	0.1605194805194805	0.0	0.0	0.0	0.0	0.004675628287551139	0.06709608158883522	0.08943089430894309	0.0	0.014056224899598391	0.5375302663438257	0.025
0.0	0.0	0.05625717566016074	0.06545454545454546	0.0	0.0	0.1900826446280992	0.0	0.017533606078316773	0.020397208803005905	0.11382113821138212	0.0	0.0	0.036319612590799036	0.0
0.0	0.0	0.2307692307692308	0.005714285714285714	0.0	0.0	0.0	0.0	0.06078316773816481	0.12453032742887815	0.3523035230352303	0.11659192825112108	0.0	0.01937046004842615	0.0
0.0	0.0	0.12973593570608494	0.055584415584415584	0.0	0.0	0.09917355371900828	0.0	0.007597895967270602	0.4455179817498658	0.0054200542005420045	0.4484304932735426	0.002008032128514056	0.0	0.0
0.0	0.0	0.06659012629161883	0.043116883116883116	0.01818181818181818	0.0	0.008264462809917356	0.0	0.0011689070718877848	0.06763285024154589	0.3089430894308943	0.0	0.042168674698795185	0.08716707021791767	0.0
0.0	0.0	0.08266360505166476	0.10909090909090907	0.0	0.0	0.6198347107438017	0.027272727272727268	0.043834015195791935	0.2410091250670961	0.04878048780487805	0.4708520179372197	0.08634538152610441	0.1719128329297821	0.0
0.0	0.0	0.6050516647531573	0.3241558441558441	0.0	0.0	0.0	0.0	0.0029222676797194627	0.29683306494900696	0.051490514905149054	0.004484304932735426	0.004016064257028112	0.01937046004842615	0.0
0.0	0.0	0.03788748564867968	0.15636363636363634	0.0	0.0	0.0	0.0	0.007597895967270602	0.3043478260869565	0.7235772357723578	0.0	0.0	0.09443099273607747	0.0
0.0	0.0	0.19517795637198626	0.11636363636363635	0.0	0.0	0.0	0.0	0.052016364699006425	0.31561996779388085	0.04607046070460705	0.0	0.028112449799196783	0.20096852300242127	0.0
0.0	0.0008382229673093043	0.34672789896670503	0.0	0.00034965034965034965	0.0	0.3471074380165289	0.0	0.019871420222092345	0.2050456253354804	0.07046070460704608	0.0	0.002008032128514056	0.0	0.0
0.009345794392523364	0.0008382229673093043	0.03329506314580941	0.0	0.0	0.0	0.5950413223140496	0.01818181818181818	0.12039742840444186	0.06977992485238863	0.0	0.0	0.002008032128514056	0.03389830508474576	0.00625
0.0	0.0008382229673093043	0.09873708381171067	0.09558441558441558	0.004195804195804196	0.0	0.0	0.0	0.0011689070718877848	0.05689747718733226	0.08943089430894309	0.08071748878923768	0.02008032128514056	0.08232445520581114	0.0
