shanon
1.81132473938652
1.7888046872148742
1.751456936143462
1.88104782054412
1.4963794911996433
1.7028944110342386
1.7881136105480022
1.6650890104371816
1.8063072690061686
1.5429047550255404
1.6055192089253383
1.5941219701408864
1.7475729330425243
1.838048028752126
1.9537385374937026
1.61993455145783
1.6886424946931144
1.7325178387319777
2.0761437895183468
1.6275870707076203
1.182455188370267
1.7088234551705677
1.842198668765447
1.6687447020218904
1.5798554054328608
1.5315778680883554
0.8374538777469396
1.62418699346558
1.7162195939194562
1.3227926105056813
1.5346872543198642
1.5281509401503746
1.5364956641346892
1.6640119065570447
1.5301391506363886
1.4425643714322256
1.6444095541202377
1.3581100841751945
1.6351566575382526
1.9322809224242692
1.6801091126377852
1.6390541041462932
1.2846642702879993
1.7514774618468596
1.6915886555948674
1.61389228483881
1.7069972607528259
1.3114628584437722
1.802772130031903
1.58188825783506
1.6780533238948643
1.639436909839164
1.2991033965754786
1.458883230301334
1.779796719237628
1.4031084715741358
1.9515817953666408
1.0055985079566674
1.713018796386532
1.994995407664409
1.6539755393089912
1.7606410940722546
1.7996512133647034
1.8651475274951894
1.3951775105452413
1.658517905285433
1.7685654886357054
1.77735881664055
1.7595555591604974
1.5390638134744208
1.6065608685614465
1.7532534282664192
1.6660392927919228
1.8975866563789292
1.8334750013215813
1.6746732716447659
1.7596515915385231
1.5338304435817778
1.8290441949990566
1.2057579447650129
1.8729378650182757
1.4944514421613015
1.6339593790605464
1.4875869328586164
1.6545388115520319
1.6165174287287087
1.6842424628438242
1.8914139779927692
1.768442383071137
1.6612379242607587
1.7812365263689514
1.7205490910810686
1.4185165155394244
1.7643522649088685
1.7312404255245468
1.4517415998688785
1.3895727067965304
1.9158759307536315
1.3355333411405084
1.2319787044970465
1.4687987641789284
1.1597863688910488
1.5046134708453842
1.6325412901259553
1.7096190271813276
1.705092679987872
1.8726921592273553
1.75388568516592
1.5817040094857615
1.975387078978341
1.7413835619597453
1.570880952831479
1.5339786181226114
1.759816102549115
1.6558231638326335
1.9213803526998874
1.4515450264041132
1.6497867272097277
1.4760471232691865
1.3909390528339594
1.6203784611223324
1.6820691949701871
1.4371455842759193
1.5358635320832932
1.7580389003157488
1.5967473831533718
1.7746717604110926
1.6612820254716756
1.8009201547329245
1.404009174250298
1.6502335069505023
1.7168799158621941
1.6176165290164766
1.6979305920030017
1.4470301642663872
1.774430379728851
1.5888701031272503
1.6105779738307604
1.7341754350109968
1.5846787434465428
1.9310202438743809
1.7403635868914236
1.8505372719194826
1.9862837070387067
1.4364296060873982
1.787950323317277
1.4255435277814028
1.698204119302251
1.6209464188705283
1.3329638403957749
1.5241400867934016
1.6378087385761115
1.685773452647486
1.6234290452279105
1.7537301312383184
1.5465416326294659
1.0559745513821075
1.6385018685808443
1.52550020076806
1.4840032513022516
1.755780041359161
1.338737047976834
1.885554321518472
1.7311002266454456
1.4536538556325698
1.3446965269166071
1.7303805994075685
1.3633357939867596
1.4129883507571288
1.2693679626111678
1.7817047093848006
1.4716412906573193
1.563386944879484
1.7030641233630541
1.8088307260400172
1.6322859455342253
1.8834975224162445
1.4746302235534725
1.5657069548163336
1.85766651662083
1.8915677536034754
1.7102768186056412
1.7061627469408314
1.730063704463929
1.5314020272804312
1.57542407880875
1.3825120693299624
1.4870420524182053
1.4499448553179688
1.9585451390776545
1.5943278331125974
1.3407198828086426
1.6272675054361458
1.6541160636476386
1.7312776030788442
1.2435550546474918
1.6035489991562644
1.0670113818166567
1.5636453743160934
1.5861368612830815
1.7260072823927597
1.9015606549457447
1.9253616729807381
1.3393419470913208
1.4059816719959606
1.583561389101119
1.2589192491967833
1.328453743091525
1.5168664910617957
1.544134101198873
1.1139733341780258
1.0668146398671452
1.8827444508525086
1.7925005697476488
1.3844732835995774
1.7888106698631483
1.587047378448212
1.4058929002920122
1.7451747890167042
1.8328051990092458
1.490660849020539
1.757711634016654
1.4784448830895651
1.9449993537745396
1.6218818646482585
1.2170154581437953
1.251527588589818
1.3501632515425481
1.4719008353368113
1.4219277347903534
1.7374807206724923
1.487627162720046
1.3753780324746387
1.5938977771998624
1.5578277278795618
1.7220506124542534
1.6866793794394577
1.3847873162818074
1.429379846886105
1.5031856476972423
1.809943099212576
1.5813104055968976
1.5975910366399175
1.4410740430869113
1.3747018737060033
1.495119021611328
1.6804330943554902
1.4962130712019728
1.612085359371039
1.789839829703903
1.3603231311740216
1.454708232197939
1.8334728280236576
1.216869506507476
1.6709271471466394
1.5448468764370107
1.5166286168849676
1.7391009829455066
1.4643861381406313
1.60411578112164
1.7426111463584057
1.7585680147531393
1.7587917304142142
1.8130775224205007
1.7198891717265794
1.5247063055793217
1.4601898130095796
1.7466997403844267
1.7062249881693083
1.0396908725542588
1.3029612699625857
1.6856437586715334
1.7004731009095806
1.7266804189981895
1.3582880596394238
1.5022039566921666
1.651196242687797
1.7173670874426912
1.8306475168966623
1.8333634712848625
1.6462020029984945
1.1725233898868919
1.6539376434638027
1.7134070060307751
1.3993039345940483
1.685604520902329
1.4167764386267239
1.3559049097491145
1.5990576471624787
1.4452211887310504
1.7913577139284607
1.396675993587578
1.6712710322682596
1.738829745239269
1.579743335295259
1.80897727412556
1.2952730379748916
1.615357643476869
1.7200366290254598
1.4940313977639241
1.4707168246168512
1.5221041015314243
1.806923001244559
1.8098432310614236
1.8048779568464721
1.6901425839557966
1.6890003437863381
1.8451475971333071
1.5482254706685534
1.616845576894183
1.479520259229299
1.6457627330401683
1.8884721927407861
1.828149736339013
1.314340361362266
1.6643359953300136
1.5534430473170762
1.6237363493143286
1.8820521272063258
1.7018530301941162
1.8941420744868087
1.680873179312464
1.7217879685579323
1.5389928777510782
1.773816977653624
1.8343133894395094
1.6005457895428123
1.6182392764736826
1.5036818779210213
1.568502365487709
1.8740146701035685
1.2795200198414636
1.415735486384946
1.4126357599960373
1.3927798430633858
1.4945806005188076
1.5431005824208301
1.47849255212624
1.518689857389157
1.5303606987073095
1.6731666158563776
1.5663083046231014
1.7376371961413832
1.7764810871244636
1.629241841569112
1.8627993581519224
1.5540424326840188
1.5255242927187744
1.8409575861960568
1.7648548575499086
1.507010700652995
1.5560253070619288
1.41976744909866
1.1484866396721178
1.2840083314684758
1.6604356629449046
1.6687954061822963
1.7011528722764861
1.5855505668362189
1.5909170516086497
1.8227372709717609
1.5648978107712928
1.3983378412198901
1.6061832690749092
1.8905031106045473
1.6751916211849764
1.2915537846738319
2.0097093684193825
1.6422706773425644
1.646710449696282
0.5962947702833036
1.6498893237139882
1.573077439976374
1.8075137325240942
1.8022163406673233
1.644492576453308
1.2305916540650184
1.4126543305157488
1.8029982922692522
1.622649984792783
1.908017067810744
1.4446841991815038
1.3060955242447585
1.8663141969567163
1.8307391792193604
1.60306785922245
1.6090512057362762
1.57130927097302
1.728431341583267
1.9316046316648907
1.7118117523562668
1.3264917095305604
1.2714906093068532
1.802608110098621
1.6908922396768724
1.7470056965250855
1.1813115121596574
1.7789108241754577
1.5684024218608268
1.4146410533258713
1.657129754087747
1.6009541132381742
1.5718031408422122
1.7794177960454056
1.4232179779692884
1.5885040232618561
1.7023560681162326
1.617255212475343
1.6678334757966562
1.5097129634132722
1.824526878848357
1.3244193196106202
1.2543933960492044
1.4864981356504288
1.4416516488801046
1.6058558790893305
1.7224823695964875
1.7904856737833859
1.5759202901945366
1.9652761311989921
1.743119195604429
1.7410039361028804
1.5606835030611133
1.590696481290282
1.635136657261327
1.374327878663198
1.638008189669841
1.7026402152637468
1.530231686558704
1.6888960452243675
1.5259400668196328
1.8071116547264832
1.9224976216160716
1.62768393349003
1.5432994964560602
1.603454224735767
1.7511837183079892
1.8182821748421005
1.484229026704718
1.5581072505591054
1.3137949100570934
1.477804147588946
1.3826295135203395
1.2314175892674972
1.5201583625004946
1.4641979798046936
1.5503411217006464
1.396592596431781
1.6946748972065668
1.4846073124067087
1.112704050252399
1.4406258869145872
1.086637531392079
1.8093068964796393
1.7350125198724888
1.7700102812556342
1.6231454617879617
1.6740205657427552
1.764669072242178
1.560597936094633
1.485948178066394
1.7400484604983062
1.7399237015275484
1.8432020062834182
1.80314838140253
1.561474640035663
1.5392405374755396
1.8136302668975715
1.6595291359252138
1.2458212485416036
1.8085843857820194
1.7581059342460268
1.5422957992958453
1.8367257736952292
1.6580930136752707
1.7841615976897403
1.0052224477431317
1.4494765182589975
1.9464700004963222
1.7623862759263877
1.80454557383587
1.6109357599893517
1.4091842399987995
1.7470669146238604
1.6946339220051583
1.630474258553067
1.2662408100862519
1.727264320290001
1.8031838831261626
1.9729964319400597
