simpson
0.9752719671969521
0.9646221383496884
0.9648562901425508
0.9722760245546973
0.946029189960074
0.9560269321138096
0.9683164126185374
0.9552319132306615
0.9671390998340934
0.9423960539964453
0.9517702259380705
0.9455096156185412
0.9610948760365631
0.9655581380041032
0.9766714103008141
0.9459921498305638
0.9579859536354595
0.9661351319102195
0.9854468097711088
0.9579975700975476
0.8940090342753655
0.9673691094653556
0.9753359037624534
0.9631525730523354
0.9427853067292294
0.944093585458671
0.6772321917864275
0.9332260998265178
0.9417944464456197
0.9061235314644899
0.9523088358133573
0.9412549897284056
0.9503260843081396
0.9632396873131913
0.9429700287269951
0.9471611782918072
0.9583953464784247
0.9264843176058924
0.9349256379359188
0.9757996785848285
0.9693725165497535
0.9258923198699796
0.9027809727395232
0.96717737340728
0.9584809879707115
0.9446669894914003
0.9671599210997375
0.9219953190076091
0.96566194977861
0.9455290193444376
0.9628472497183765
0.957474608388306
0.9071792119747424
0.9321607542725314
0.9622702189930459
0.9268577012573457
0.978773934709905
0.7447823054293925
0.966130106087478
0.9838674863961518
0.9456789287751538
0.9644613672507759
0.9730458038664944
0.9739573555626639
0.8907567930828919
0.9601860857814605
0.9641048099802234
0.9747253491425711
0.964278707129007
0.9488641774073453
0.9600817217187403
0.9706869809071847
0.9585353331309073
0.9782363741822235
0.963407251557128
0.9603300857282934
0.9688854903935955
0.9494069478538396
0.9597519136073218
0.8904476037314394
0.9739883757506483
0.942733759829315
0.9572716240602849
0.9320660184343311
0.9478016669328541
0.9582727200854493
0.9670270957844216
0.9720903452573617
0.972160338583603
0.9604207898625361
0.9613342745674526
0.9602637006850461
0.9221766904568802
0.9628950226488332
0.9538169140087894
0.9312132486136714
0.9355340938605902
0.9788672898275719
0.9143719559311929
0.8730053662439914
0.9396571094694792
0.875251319902095
0.937992402336735
0.9618876489476437
0.957544730581797
0.9669248120073053
0.9769428047288647
0.9687192332317635
0.9453260718356308
0.9820358961749338
0.965634740379298
0.9451836367054023
0.9460922428644338
0.9464129014011172
0.9444644838131641
0.9770019547965169
0.9363011117313205
0.9605780079072759
0.9475004489412814
0.9341919046348477
0.9334604173058443
0.9661243622900589
0.9008591938530615
0.9474280071372941
0.9676194617124768
0.9456860901123204
0.9622133701262829
0.9581460251693017
0.9662944302405629
0.931803405388873
0.9638561330073494
0.9694438905965282
0.9468968899721018
0.9557574891041128
0.9423943234933767
0.9717656366071136
0.9297760842248359
0.9552199653956455
0.9586116961812093
0.9605649554958332
0.9800749784637512
0.9506434291155427
0.9678708633072035
0.9828459188878786
0.91373424714082
0.9390906458586311
0.9310982437980403
0.96246464285376
0.9462367398706589
0.9109327283592789
0.9330020917271744
0.9579632361802829
0.9487024121896487
0.9464832997387151
0.9717909314072859
0.9426919147923484
0.8259104616173083
0.9545055437724352
0.941246871091669
0.9404776808872995
0.9668212579672981
0.9094033318388107
0.9764924321004674
0.9634348107389754
0.9274396841669894
0.9022356985864615
0.9677789073196771
0.9038249447396521
0.907025013105569
0.8590367086553291
0.9568627835055329
0.8790548183699416
0.9471338216156383
0.9691221274834181
0.9720507830116771
0.9581223872337694
0.9769614720704768
0.9355794919517293
0.9360665181078873
0.9682729107169308
0.97171165963906
0.9569349491654137
0.9489305072217712
0.92144409855145
0.9416813010003071
0.9492141440385516
0.9297574537024383
0.9483713338153397
0.8861417070854959
0.9789369517808851
0.9529866039088069
0.897732745505987
0.9458001560379887
0.9574872005595709
0.9571577238210804
0.8784408211535296
0.9444061069490106
0.8063611893670268
0.9462834082246887
0.9432220194291494
0.9662381336620134
0.9768440371867069
0.9769038500002151
0.9112052089541494
0.8955780482703395
0.9470800839724772
0.8910101645055798
0.9064749708642654
0.9465023536820765
0.9408169331271665
0.8387498554960902
0.8300529361809154
0.9765497043881941
0.9726562565799963
0.9198033239079519
0.9682371776695256
0.9455571124048912
0.9323808595351671
0.9713788323520752
0.975385646520871
0.9352478428795996
0.9681868826228948
0.9407952650195952
0.9760114258858351
0.9494551994340811
0.8677879547210925
0.8576741952233348
0.9280128120556121
0.9431668458366337
0.933401543382299
0.9601315197059792
0.9251958844329179
0.9248410392558268
0.9506372066683387
0.9333874968520721
0.9688241679923042
0.9621762931775587
0.9327877118523508
0.903258462719197
0.9533093611407012
0.9605609237918754
0.9453603137048598
0.9571973412955864
0.9381035779540867
0.9099182853689582
0.9396885898976415
0.9518931468847597
0.9426096422581631
0.9563678228087097
0.9673340391638064
0.9326496766182221
0.9244619302165616
0.9741030307837443
0.8746180478270362
0.957363708915061
0.9051611692526902
0.9461920965734114
0.9675085806488388
0.9464901297029538
0.9532989228934684
0.9687224549130081
0.9675803044781487
0.964007275881742
0.9698533386683147
0.965870309711908
0.9335103809795473
0.9386124563138872
0.9659310614153788
0.967870789668775
0.778879051725556
0.9123064900612191
0.9561836346895501
0.9592524241471487
0.9584168488995319
0.9251781559812688
0.8941446578509623
0.9438454975932244
0.9686299098180542
0.9713143250887535
0.9731233451316518
0.9582941304585209
0.8416117577889598
0.952143149349346
0.9681003206502522
0.9288797020449271
0.9551709222022982
0.8666519346854018
0.9258865576629532
0.954194255725772
0.9326465285754059
0.9746222553427418
0.8758964477641341
0.966394983514611
0.9712291990654658
0.9441621244259504
0.9743066226288001
0.9072709470469834
0.9475676255976343
0.9633236535312308
0.9455464348327659
0.9366180699369744
0.94877240551589
0.9614976414209679
0.9709305584188889
0.9724673924206304
0.9439252296016282
0.9553438988707259
0.976697625581342
0.9320310401808175
0.9631519103064794
0.9249159663567743
0.9267109766886599
0.9694326055073684
0.9659902298926379
0.895814169891163
0.9610916727649255
0.9562972587846479
0.9584361053485716
0.9794647736264043
0.956853762798048
0.9733927697317415
0.9626961988920193
0.9663734442742894
0.9564670505910454
0.971300149691277
0.9706232836665759
0.9526020640354433
0.9491982013187923
0.939653961426663
0.9587763701168297
0.9777500660007428
0.9124073378889808
0.9295764504453095
0.935298984768158
0.9317326940879543
0.939065866527458
0.9377420684992208
0.9296674675428731
0.9215021624522824
0.9234673143731007
0.9614110610387183
0.9321574589528582
0.9634354550752242
0.9695728130751363
0.9561743010187443
0.9724977682723658
0.9335810922804657
0.9524003131510989
0.9694541263380828
0.9695279672722106
0.9197382459468094
0.9496724512076143
0.929023020836297
0.8081713508055661
0.9208901534734386
0.9502045072627693
0.961255739183511
0.958765931869597
0.9533538387514846
0.943914717715967
0.9667405870689316
0.9444774441765712
0.9240895590934994
0.9584489000255146
0.9776170197701416
0.9682630799867329
0.8334755398776067
0.980529511663356
0.9509830127283376
0.9646530480800303
0.6772574681769924
0.9600934118192567
0.9369122002298088
0.9665451138606124
0.9733353501671579
0.9498969011375286
0.892562996455902
0.9238302781869286
0.970634752851807
0.9436285771926192
0.9791373219446964
0.9141835704216119
0.9095887349920395
0.9581149497524959
0.9707688852492278
0.9529501160675101
0.9330992024046921
0.9426558871912295
0.9667673546376729
0.9719723764949856
0.9666800010519249
0.8844489068922982
0.9020637896752461
0.9709826760166238
0.9677021760772327
0.9701991631379209
0.8763942987692744
0.9730492096438101
0.9470241555860698
0.9260904624713301
0.9645518320601263
0.9187242079678453
0.9465803367778044
0.9695847425005452
0.9325018106538955
0.9601993038793671
0.9598124628051146
0.9545952906071081
0.9588033770104636
0.9466293431519376
0.9565057844044098
0.9326852807983775
0.8824781032220962
0.9278891547246382
0.917121743716748
0.9536081858833493
0.9679841928485873
0.9661923121499105
0.9492057860769225
0.9771245995990996
0.9705412688668903
0.9652447696718363
0.9409991514183649
0.9262632366340797
0.9641554548093896
0.923322338717091
0.9489815386526868
0.9609170024126433
0.9501207435504081
0.9517773872752371
0.9034492414777026
0.9721597862953897
0.9785292342121672
0.9594828571993745
0.9404790247886187
0.9544252594758181
0.9632010639574695
0.9703130449675181
0.9157408022680341
0.9488209148306311
0.8998784772629708
0.9267406161561109
0.9078154664061534
0.8746527131172288
0.9424897588966473
0.9376470749265209
0.9416998578842763
0.9226067020598112
0.96682449805815
0.9118108482089324
0.8425904861414821
0.9349880096848157
0.8444333062230389
0.9712556352612791
0.9663757822943927
0.9638246341695801
0.9104627310896998
0.9691268955716601
0.9597852534058025
0.9368990373607236
0.944013466848518
0.9684207766812575
0.971611585014797
0.971187280390071
0.9678601120966498
0.9519782913176545
0.9453440396121724
0.9701905106225781
0.9373590750328549
0.8503473372790705
0.9655288114999734
0.9654289577909958
0.9326399379360595
0.976002386768743
0.9625463078709106
0.9756843976250907
0.7987598257711102
0.9175525469327849
0.9782119998624066
0.9725625884990086
0.9721402537022433
0.9570674062885873
0.9308288560171648
0.97334356085193
0.9654411633605112
0.9507706210910822
0.8984882021434508
0.9653368729362195
0.9702113871170435
0.9809192430459251
